0001 381 772  1887  371  2  384  2  0  40.91  3  762  391
0002 219 432  1725  224  0  204  0  0  25.04  1  429  213
0003 430 845  2090  441  0  399  0  0  40.43  2  842  415
0004 237 627  1606  302  0  318  0  0  39.04  2  622  390
0005 158 547  1355  279  1  264  0  1  40.37  0  545  389
0006 139 466  3517  256  1  205  1  0  13.25  1  464  327
0007 165 403  1067  338  0  61  0  1  37.77  0  400  238
0008 202 438  1746  170  1  260  0  0  25.09  5  436  236
0009 135 472  1554  141  1  320  0  0  30.37  2  464  337
0010 220 342  1718  46  1  287  0  2  19.91  2  338  122
0011 154 487  1716  66  1  405  1  2  28.38  4  479  333
0012 71 153  829  73  0  77  0  0  18.46  0  150  82
0013 264 545  3237  219  0  319  0  0  16.84  3  541  281
0014 219 558  1909  248  0  304  1  2  29.23  2  557  339
0015 297 866  2760  430  0  431  0  0  31.38  1  862  569
0016 193 301  1570  185  0  112  0  2  19.17  0  299  108
0017 292 752  2544  377  0  366  0  3  29.56  2  748  460
0018 159 454  1286  235  1  216  0  0  35.30  1  453  295
0019 107 268  1215  187  0  76  1  2  22.06  0  266  161
0020 223 486  2328  292  0  189  1  0  20.88  0  482  263
0021 140 298  910  236  0  56  0  0  32.75  1  293  158
0022 319 733  2548  544  0  175  0  2  28.77  2  723  414
0023 28 71  532  25  0  43  0  1  13.35  0  69  43
0024 45 168  592  123  0  44  0  0  28.38  0  167  123
0025 90 270  1110  220  0  43  0  0  24.32  1  264  180
0026 192 562  1805  164  0  392  0  1  31.14  2  559  370
0027 365 870  2912  256  1  592  1  2  29.88  5  857  505
0028 261 533  2558  251  1  275  0  1  20.84  2  530  272
0029 144 613  2691  107  2  486  0  1  22.78  2  598  469
0030 200 614  1529  427  1  170  1  1  40.16  6  606  414
0031 408 833  2339  655  1  158  0  0  35.61  6  820  425
0032 237 453  1916  274  0  178  0  0  23.64  1  453  216
0033 401 941  2823  485  0  451  0  0  33.33  4  940  540
0034 364 947  2438  475  0  464  0  1  38.84  5  945  583
0035 1 2  11  2  0  0  0  0  18.18  0  2  1
0036 335 787  2839  449  3  314  0  2  27.72  3  771  452
0037 259 651  1751  305  0  345  0  0  37.18  0  650  392
0038 438 961  2558  465  0  493  1  0  37.57  1  960  523
0039 391 1014  2472  562  0  449  1  0  41.02  2  1014  623
0040 357 982  2628  550  0  421  1  1  37.37  1  974  625
0041 222 506  2205  345  0  155  0  0  22.95  1  501  284
0042 191 397  1129  331  0  62  0  0  35.16  2  395  206
0043 142 335  1643  110  0  221  0  1  20.39  0  332  193
0044 173 468  1958  106  1  349  0  0  23.90  4  460  295
0045 615 1346  4698  936  0  379  1  0  28.65  3  1319  731
0046 242 591  2474  132  1  443  0  1  23.89  3  580  349
0047 167 521  1731  415  0  99  0  2  30.10  0  516  354
0048 185 366  921  281  0  74  0  1  39.74  1  357  181
0049 126 350  2772  174  1  169  0  0  12.63  0  344  224
0050 351 772  3645  489  1  277  0  0  21.18  1  768  421
0051 106 254  1649  75  0  176  0  0  15.40  1  252  148
0052 183 455  1754  247  0  205  0  1  25.94  0  453  272
0053 298 907  2506  455  0  442  0  3  36.19  1  901  609
0054 287 782  3105  358  0  415  1  1  25.19  4  779  495
0055 76 264  867  148  0  112  0  1  30.45  1  262  188
0056 88 212  1281  81  0  130  0  0  16.55  1  212  124
0057 388 1019  2871  524  1  482  1  1  35.49  2  1011  631
0058 200 578  2062  247  0  320  0  1  28.03  5  573  378
0059 264 753  2098  340  0  404  0  0  35.89  2  746  489
0060 311 790  2167  449  0  337  0  1  36.46  2  789  479
0061 127 500  2383  187  2  294  2  6  20.98  1  492  373
0062 158 607  2211  94  0  496  0  1  27.45  2  593  449
0063 67 261  1847  82  0  173  0  1  14.13  1  257  194
0064 163 556  2132  80  1  463  1  0  26.08  2  547  393
0065 160 618  2228  79  1  524  0  3  27.74  3  610  458
0066 85 320  1170  116  1  199  0  1  27.35  2  319  235
0067 247 631  2566  205  2  409  0  0  24.59  3  619  384
0068 429 837  2450  689  0  134  0  0  34.16  0  823  408
0069 95 366  1352  59  0  302  0  1  27.07  1  363  271
0070 292 788  2768  408  0  371  1  1  28.47  1  782  496
0071 202 635  2551  263  0  366  0  1  24.89  0  630  433
0072 186 672  1754  101  0  556  2  0  38.31  0  659  486
0073 94 355  1407  132  0  221  0  1  25.23  0  354  261
0074 351 619  3639  244  0  367  1  1  17.01  1  614  268
0075 132 387  1246  162  0  222  0  0  31.06  2  386  255
0076 172 431  2455  156  1  268  0  1  17.56  0  426  259
0077 66 136  601  96  0  38  0  0  22.63  0  134  70
0078 150 422  1475  74  1  339  1  1  28.61  1  417  272
0079 202 868  3057  147  0  693  0  2  28.39  3  845  666
0080 566 1149  3681  566  3  560  0  3  31.21  10  1142  583
0081 220 461  1904  61  2  384  0  3  24.21  2  452  241
0082 156 415  3205  218  0  191  0  1  12.95  1  411  259
0083 604 1066  4140  725  0  335  1  0  25.75  2  1063  462
0084 110 252  1447  57  1  185  0  0  17.42  4  247  142
0085 297 611  1879  536  2  67  0  0  32.52  0  605  314
0086 207 546  1955  270  1  273  0  0  27.93  1  545  339
0087 279 804  2741  442  0  356  1  0  29.33  0  799  525
0088 39 122  733  43  0  75  0  0  16.64  1  119  83
0089 81 322  1066  179  0  143  0  0  30.21  0  322  241
0090 188 562  3466  219  0  339  0  1  16.21  1  560  374
0091 73 193  1133  93  0  100  0  0  17.03  0  193  120
0092 230 479  2290  224  0  252  0  1  20.92  1  478  249
0093 258 732  3476  134  0  579  1  1  21.06  6  721  474
0094 48 133  538  38  0  94  0  1  24.72  0  133  85
0095 216 492  2938  250  0  238  1  0  16.75  1  490  276
0096 125 239  1097  168  2  66  0  0  21.79  0  236  114
0097 267 653  3975  335  0  308  0  1  16.43  3  647  386
0098 69 256  2265  49  0  205  0  0  11.30  1  255  187
0099 186 365  2103  140  2  216  1  1  17.36  4  364  179
0100 122 341  1800  116  0  212  1  1  18.94  5  335  219
0101 50 128  946  92  0  36  0  0  13.53  0  128  78
0102 212 439  2052  186  0  243  1  0  21.39  5  435  227
0103 350 851  3556  460  0  375  1  1  23.93  4  841  501
0104 545 910  1889  758  1  137  0  0  48.17  0  896  365
0105 205 551  2357  121  1  419  2  1  23.38  2  546  346
0106 10 24  311  5  0  18  0  0  7.72  0  23  14
0107 144 508  1751  213  1  280  0  2  29.01  2  498  364
0108 289 551  4073  244  0  297  0  1  13.53  2  544  262
0109 531 999  2825  801  0  186  0  0  35.36  0  987  468
0110 298 660  3482  369  0  289  0  0  18.95  0  658  362
0111 185 352  2940  189  0  161  1  0  11.97  0  351  167
0112 158 399  2745  205  1  187  0  0  14.54  0  393  241
0113 180 463  2563  258  0  201  0  0  18.06  1  460  283
0114 127 287  2537  135  0  151  0  0  11.31  0  286  160
0115 139 465  1672  282  0  172  0  0  27.81  2  456  326
0116 215 490  2672  265  0  223  0  0  18.34  0  488  275
0117 109 347  2031  103  1  240  0  1  17.09  1  346  238
0118 166 336  2059  172  0  162  0  0  16.32  0  334  170
0119 186 542  4275  204  0  328  1  0  12.68  3  536  356
0120 217 520  2933  228  0  286  0  1  17.73  1  516  303
0121 24 111  599  71  0  38  0  1  18.53  0  110  87
0122 367 861  2263  683  0  168  0  0  38.05  1  852  494
0123 167 404  1267  206  0  196  0  0  31.89  0  402  237
0124 249 484  3859  278  0  204  0  0  12.54  1  483  235
0125 160 439  2314  231  0  205  0  0  18.97  0  436  279
0126 73 192  2415  78  1  110  0  0  7.95  1  190  119
0127 97 175  1526  79  0  93  0  0  11.47  1  173  78
0128 209 593  2187  268  0  323  0  0  27.11  2  593  384
0129 387 1015  5107  510  1  497  0  1  19.87  2  1011  628
0130 198 393  2302  184  0  208  0  0  17.07  1  393  195
0131 111 367  1437  206  0  158  1  0  25.54  1  366  256
0132 619 1151  2511  955  0  171  1  1  45.84  4  1132  532
0133 251 750  2494  367  0  377  0  0  30.07  2  746  499
0134 127 398  1506  139  0  250  0  2  26.43  3  394  271
0135 244 553  2889  306  0  246  0  0  19.14  0  552  309
0136 483 997  2186  863  0  124  1  1  45.61  1  990  514
0137 104 241  744  142  0  99  0  0  32.39  0  241  137
0138 284 434  1826  334  2  86  0  0  23.77  1  423  150
0139 312 699  2152  368  0  328  0  0  32.48  0  696  387
0140 675 1234  2721  955  1  255  1  2  45.35  5  1219  559
0141 46 146  1028  31  0  107  0  1  14.20  4  143  100
0142 47 145  836  33  0  110  0  0  17.34  1  144  98
0143 300 393  2004  253  0  137  0  0  19.61  0  390  93
0144 172 453  1212  376  1  64  0  0  37.38  2  443  281
0145 210 539  1508  433  0  94  0  2  35.74  0  529  329
0146 216 588  1897  264  0  316  0  0  31.00  2  582  372
0147 448 883  2699  702  1  169  1  0  32.72  2  875  435
0148 339 956  2413  571  0  377  2  0  39.62  3  953  617
0149 553 1222  4692  758  0  452  0  1  26.04  2  1213  669
0150 183 436  1092  369  1  64  0  0  39.93  0  434  253
0151 111 111  848  99  0  10  0  0  13.09  0  109  0
0152 199 622  2721  184  1  422  0  0  22.86  2  609  423
0153 123 425  1770  79  0  330  0  2  24.01  5  416  302
0154 264 626  2089  101  1  513  0  2  29.97  0  617  362
0155 485 1027  4944  503  0  516  1  1  20.77  1  1022  542
0156 797 1458  3337  1212  0  217  0  0  43.69  5  1434  661
0157 383 806  2404  651  2  140  1  1  33.53  1  796  423
0158 550 987  2662  835  0  143  1  0  37.08  1  980  437
0159 69 187  896  143  0  38  0  0  20.87  1  182  118
0160 104 229  724  190  0  37  0  0  31.63  2  229  125
0161 227 415  1137  332  2  75  1  0  36.50  1  411  188
0162 74 205  1326  32  0  162  0  1  15.46  3  198  131
0163 232 693  2936  86  0  571  1  3  23.60  10  671  461
0164 186 534  1535  425  1  100  0  0  34.79  0  526  348
0165 173 479  2347  207  0  261  0  2  20.41  3  473  306
0166 66 254  918  89  0  163  0  0  27.67  1  253  188
0167 1 6  22  4  0  2  0  0  27.27  0  6  5
0168 75 153  544  122  0  31  0  0  28.13  0  153  78
0169 422 838  2600  671  0  147  1  2  32.23  0  821  416
0170 146 315  1933  76  0  234  0  1  16.30  1  312  169
0171 190 496  1550  369  0  121  1  1  32.00  2  494  306
0172 43 159  575  48  0  109  0  2  27.65  0  159  116
0173 166 336  2346  189  0  143  0  0  14.32  3  335  170
0174 337 648  3004  298  0  347  0  1  21.57  0  646  311
0175 249 736  2303  379  1  354  0  0  31.96  1  735  487
0176 160 518  1532  225  0  285  1  0  33.81  4  515  358
0177 98 275  1282  128  0  146  0  0  21.45  0  274  177
0178 133 395  1751  198  0  194  0  1  22.56  0  393  262
0179 110 318  1584  132  0  179  1  1  20.08  1  314  208
0180 449 913  2774  712  0  180  0  3  32.91  2  897  464
0181 115 392  1964  69  0  314  0  1  19.96  3  387  277
0182 265 812  3089  393  0  416  0  0  26.29  1  810  547
0183 167 641  2336  348  1  290  0  1  27.44  1  641  474
0184 76 193  945  40  0  146  0  1  20.42  3  190  117
0185 162 460  2056  242  2  205  0  1  22.37  2  452  298
0186 57 213  783  135  0  74  0  1  27.20  0  210  156
0187 13 62  331  5  0  56  0  0  18.73  0  61  49
0188 81 283  1696  43  0  232  0  2  16.69  1  278  202
0189 123 404  1641  139  0  263  0  0  24.62  0  402  281
0190 72 331  1911  73  0  246  0  2  17.32  2  323  259
0191 74 232  1512  57  0  168  0  0  15.34  4  229  158
0192 317 747  2229  625  0  114  0  0  33.51  1  740  430
0193 142 384  1034  345  0  37  0  0  37.14  0  382  242
0194 232 573  1475  406  0  159  1  1  38.85  3  570  341
0195 250 673  1977  578  1  86  0  1  34.04  1  667  423
0196 54 114  367  79  0  35  0  0  31.06  0  114  60
0197 466 1059  3168  870  0  175  1  1  33.43  2  1049  593
0198 59 150  700  123  0  27  0  0  21.43  0  150  91
0199 200 412  3025  176  0  233  0  0  13.62  1  410  212
0200 512 950  3218  481  0  465  0  0  29.52  2  948  438
0201 71 98  742  81  0  16  0  0  13.21  0  97  27
0202 201 471  1468  395  2  69  1  0  32.08  0  467  270
0203 87 238  915  79  0  155  0  1  26.01  0  235  151
0204 333 837  3210  322  0  506  0  2  26.07  3  833  504
0205 393 667  1570  567  0  82  0  0  42.48  0  649  274
0206 213 660  2451  188  0  460  1  1  26.93  3  653  447
0207 200 436  1146  111  1  314  0  0  38.05  2  428  236
0208 404 743  2325  343  1  360  1  2  31.96  8  715  339
0209 0 0  0  0  0  0  0  0  0.00  0  0  0
0210 399 887  2106  728  0  146  0  2  42.12  1  877  488
0211 217 625  2690  151  4  453  1  5  23.23  4  618  408
0212 200 556  1817  265  3  279  0  0  30.60  3  550  356
0213 191 612  3179  324  0  283  0  1  19.25  0  608  421
0214 156 412  1702  192  0  218  0  0  24.21  1  411  256
0215 180 567  2062  243  0  321  0  0  27.50  1  565  387
0216 287 739  2037  554  0  171  1  0  36.28  3  729  452
0217 296 680  2565  369  0  306  0  1  26.51  1  677  384
0218 284 808  2275  218  0  579  1  1  35.52  5  804  524
0219 476 1075  2491  865  1  192  0  0  43.16  2  1060  599
0220 136 331  2619  65  1  257  0  1  12.64  4  328  195
0221 202 682  2582  137  1  526  1  3  26.41  3  671  480
0222 352 883  2342  544  0  337  0  0  37.70  2  883  531
0223 538 938  3345  665  0  262  1  1  28.04  2  931  400
0224 352 816  2701  472  0  338  0  2  30.21  1  813  464
0225 223 507  2969  345  0  157  0  1  17.08  1  504  284
0226 208 608  2408  104  0  492  0  0  25.25  2  598  400
0227 175 447  1806  251  0  191  2  0  24.75  0  444  272
0228 370 601  1035  504  0  92  0  0  58.07  1  597  231
0229 44 197  874  33  2  158  0  2  22.54  0  195  153
0230 173 688  1200  532  1  148  0  0  57.33  2  683  515
0231 179 531  2230  112  0  410  0  1  23.81  1  524  352
0232 195 470  1656  231  0  237  0  0  28.38  0  468  275
0233 438 932  3704  466  0  461  0  0  25.16  3  930  494
0234 281 691  3576  314  0  370  1  0  19.32  0  685  410
0235 242 496  1302  391  1  88  0  2  38.10  4  486  254
0236 323 693  2201  543  1  125  1  1  31.49  6  677  370
0237 382 800  2201  655  0  130  0  1  36.35  1  787  418
0238 263 692  1991  556  2  127  1  0  34.76  1  687  429
0239 337 753  2035  634  2  104  0  1  37.00  2  743  416
0240 599 982  2558  810  0  151  1  2  38.39  5  969  383
0241 178 515  2585  140  0  367  0  1  19.92  2  510  337
0242 93 260  1879  63  0  190  0  0  13.84  3  256  167
0243 114 167  436  145  0  20  0  0  38.30  0  165  53
0244 257 564  2709  297  0  264  0  0  20.82  2  563  307
0245 263 622  3956  361  0  249  0  1  15.72  1  612  359
0246 175 375  2254  209  0  161  0  0  16.64  0  370  200
0247 141 499  1678  413  0  79  0  0  29.74  1  493  358
0248 136 388  2143  160  0  220  1  1  18.11  1  383  252
0249 164 370  2775  148  1  207  1  1  13.33  3  361  206
0250 130 403  1063  365  0  33  0  0  37.91  1  399  273
0251 161 891  2026  792  0  81  0  1  43.98  1  875  730
0252 548 1013  2521  844  1  158  0  0  40.18  1  1004  465
0253 294 673  2325  573  0  96  0  0  28.95  0  669  379
0254 90 306  1518  86  0  213  2  1  20.16  1  303  216
0255 306 802  2283  432  0  363  1  0  35.13  4  800  496
0256 366 890  3491  348  0  527  0  2  25.49  4  881  524
0257 151 446  2235  198  0  236  0  0  19.96  2  436  295
0258 239 602  3290  299  0  300  1  0  18.30  0  600  363
0259 698 1328  2628  1121  1  186  2  0  50.53  4  1314  630
0260 68 183  840  82  0  100  0  0  21.79  0  182  115
0261 53 133  728  31  0  98  0  0  18.27  1  130  80
0262 244 678  4091  281  2  383  0  2  16.57  4  672  434
0263 351 728  4712  397  0  326  1  0  15.45  1  725  377
0264 188 540  3083  216  0  319  0  1  17.52  0  536  352
0265 242 570  3482  279  0  284  0  1  16.37  2  566  328
0266 186 489  2288  118  1  359  0  1  21.37  4  483  303
0267 83 268  1525  52  0  207  2  0  17.57  3  264  185
0268 244 654  2230  327  0  324  0  0  29.33  1  652  410
0269 134 374  1947  190  0  178  0  0  19.21  2  370  240
0270 306 811  3428  276  0  522  1  3  23.66  5  807  505
0271 627 1126  2419  944  1  164  0  1  46.55  3  1113  499
0272 150 384  2069  220  1  159  0  0  18.56  2  382  234
0273 144 427  2435  248  0  177  0  0  17.54  0  425  283
0274 259 565  2769  286  0  272  0  1  20.40  2  561  306
0275 178 531  1632  350  0  177  0  0  32.54  0  527  353
0276 554 1040  2651  849  1  179  0  1  39.23  1  1031  486
0277 104 266  1526  43  1  215  0  0  17.43  3  262  162
0278 199 548  2531  109  0  427  0  2  21.65  5  543  349
0279 130 312  1923  71  0  237  0  0  16.22  3  311  182
0280 91 307  1669  100  1  201  1  1  18.39  1  305  216
0281 345 953  2605  380  0  562  0  2  36.58  3  947  608
0282 120 364  1975  196  0  166  0  0  18.43  0  362  244
0283 1 1  0  1  0  0  0  0  0.00  0  1  0
0284 401 776  3569  419  1  341  0  1  21.74  3  765  375
0285 382 942  2462  627  1  291  1  5  38.26  1  926  560
0286 1175 2230  4867  1662  0  542  1  0  45.82  6  2211  1055
0287 306 777  2636  341  1  425  0  1  29.48  5  773  471
0288 502 983  2332  815  1  151  0  0  42.15  2  969  481
0289 85 300  1524  76  0  220  0  0  19.69  0  296  215
0290 87 210  1570  82  1  124  0  1  13.38  0  208  123
0291 156 325  1253  176  0  147  1  0  25.94  1  325  169
0292 162 412  1298  266  0  139  0  1  31.74  0  406  250
0293 156 500  1718  219  0  276  0  0  29.10  5  500  344
0294 572 1012  2332  830  1  162  0  1  43.40  6  1000  440
0295 146 284  879  242  1  40  0  0  32.31  0  283  138
0296 113 343  1696  129  0  206  0  2  20.22  1  338  230
0297 152 429  2105  208  0  217  0  0  20.38  1  426  277
0298 185 490  2218  234  0  249  0  1  22.09  2  486  305
0299 82 169  1123  66  0  100  0  0  15.05  2  168  87
0300 318 615  4250  319  0  291  0  0  14.47  1  611  297
0301 136 421  2567  63  2  340  0  2  16.40  5  412  285
0302 192 530  2754  140  0  372  0  2  19.24  5  519  338
0303 188 463  3105  228  0  231  0  0  14.91  0  459  275
0304 235 632  2269  237  0  387  1  2  27.85  4  631  397
0305 576 918  4417  553  0  359  0  0  20.78  2  914  342
0306 185 354  1827  189  0  163  0  0  19.38  0  352  169
0307 215 565  3000  250  1  307  3  0  18.83  1  562  350
0308 148 330  1271  175  0  147  0  0  25.96  2  324  182
0309 196 416  2528  236  0  177  0  0  16.46  0  413  220
0310 117 281  1547  125  0  154  0  0  18.16  0  279  164
0311 250 659  3147  275  1  373  1  1  20.94  2  653  409
0312 277 662  3782  353  0  300  0  0  17.50  1  654  385
0313 4 7  45  0  0  7  0  0  15.56  0  7  3
0314 401 841  4045  513  0  323  0  0  20.79  1  837  440
0315 161 442  1738  179  0  262  0  0  25.43  0  441  281
0316 182 418  1576  176  0  238  1  0  26.52  1  416  236
0317 186 407  1526  226  0  175  2  1  26.67  1  405  221
0318 812 1570  3186  1250  1  295  1  3  49.28  2  1552  758
0319 359 851  2105  660  0  175  0  0  40.43  4  839  492
0320 131 344  1558  69  1  257  0  1  22.08  6  334  213
0321 147 372  2166  71  1  285  0  3  17.17  1  361  225
0322 145 363  1786  253  0  102  0  1  20.32  4  360  218
0323 125 326  1879  133  0  187  0  0  17.35  1  321  201
0324 156 458  2255  219  0  236  0  0  20.31  1  456  302
0325 197 370  2105  196  0  166  0  1  17.58  1  364  173
0326 54 149  683  27  0  117  0  0  21.82  2  146  95
0327 312 665  1839  510  0  144  0  1  36.16  1  656  353
0328 109 280  1520  74  0  201  0  0  18.42  0  275  171
0329 151 313  1412  100  0  205  0  2  22.17  0  307  162
0330 156 347  2016  145  0  200  0  0  17.21  0  345  191
0331 0 0  0  0  0  0  0  0  0.00  0  0  0
0332 9 16  129  4  0  11  0  0  12.40  0  15  7
0333 157 484  3116  208  0  272  0  1  15.53  1  482  327
0334 57 97  430  72  0  23  0  0  22.56  0  95  40
0335 66 142  1162  57  0  80  0  0  12.22  1  138  76
0336 352 738  1514  609  1  119  1  2  48.75  0  732  386
0337 71 87  752  51  0  35  0  0  11.57  0  86  16
0338 524 1047  4225  521  0  513  0  2  24.78  1  1037  523
0339 202 523  1688  113  1  397  0  1  30.98  3  515  321
0340 266 589  3581  293  1  286  1  0  16.45  4  585  323
0341 62 225  1154  54  1  166  0  2  19.50  0  223  163
0342 378 761  3457  571  0  183  1  1  22.01  1  757  383
0343 150 531  1857  83  1  434  0  1  28.59  5  524  381
0344 132 453  1238  347  0  98  0  0  36.59  1  446  321
0345 140 363  1727  230  0  128  1  1  21.02  1  361  223
0346 0 0  2  0  0  0  0  0  0.00  0  0  0
0347 215 586  3229  160  0  409  1  3  18.15  9  582  371
0348 119 254  1881  73  0  174  0  0  13.50  4  251  135
0349 91 241  1361  108  0  131  0  0  17.71  0  239  150
0350 382 790  2714  411  1  370  0  1  29.11  4  787  408
0351 289 677  4558  323  1  351  0  0  14.85  0  675  388
0352 208 415  3261  151  0  259  1  0  12.73  2  413  207
0353 591 1226  3549  814  0  399  1  1  34.54  1  1216  635
0354 522 954  3029  639  1  300  1  1  31.50  1  943  432
0355 178 397  933  343  1  46  1  0  42.55  1  392  219
0356 260 549  2866  320  0  227  0  0  19.16  1  548  289
0357 263 482  3351  233  0  242  0  1  14.38  5  481  219
0358 405 942  3413  713  1  212  2  1  27.60  2  931  537
0359 262 639  3397  484  0  144  1  1  18.81  1  631  377
0360 259 584  2155  286  0  292  0  2  27.10  2  582  325
0361 194 297  1483  238  0  58  0  0  20.03  1  297  103
0362 358 823  5224  390  0  427  0  0  15.75  3  820  465
0363 404 704  3078  448  0  236  1  2  22.87  7  694  300
0364 158 403  2542  179  0  219  1  0  15.85  0  399  245
0365 425 739  1319  611  0  118  0  2  56.03  1  732  314
0366 130 345  1608  187  0  152  0  1  21.46  0  340  215
0367 125 278  932  211  0  65  0  0  29.83  1  277  153
0368 152 248  826  154  0  89  0  0  30.02  1  244  96
0369 28 60  402  34  0  26  0  0  14.93  0  60  32
0370 319 697  4608  351  1  335  0  1  15.13  2  690  378
0371 64 137  365  124  0  12  0  0  37.53  0  136  73
0372 226 460  1169  368  0  87  0  1  39.35  0  456  234
0373 21 56  162  48  0  7  0  0  34.57  0  55  35
0374 61 220  772  35  2  174  0  1  28.50  0  212  159
0375 176 500  2773  94  1  390  0  1  18.03  4  490  324
0376 226 409  2247  162  1  237  0  0  18.20  5  405  183
0377 139 432  3091  174  0  252  0  0  13.98  2  428  293
0378 136 334  1862  172  0  157  0  0  17.94  2  331  198
0379 322 841  2016  617  1  209  1  0  41.72  2  830  519
0380 446 939  3505  630  1  301  0  1  26.79  2  935  493
0381 263 516  2612  223  0  275  0  3  19.75  5  506  253
0382 38 121  765  26  0  92  0  0  15.82  1  119  83
0383 265 653  3347  421  2  217  0  1  19.51  1  642  388
0384 495 892  2547  715  0  171  0  0  35.02  1  887  397
0385 151 413  2158  211  0  195  1  1  19.14  2  410  262
0386 255 578  2805  282  0  277  1  1  20.61  9  570  323
0387 185 573  3675  194  2  360  1  3  15.59  6  566  388
0388 479 902  2942  624  0  270  0  0  30.66  2  896  423
0389 78 96  706  76  0  18  0  0  13.60  1  95  18
0390 348 782  1488  632  1  144  0  0  52.55  1  778  434
0391 192 364  1770  185  0  174  1  0  20.56  2  362  172
0392 409 729  1577  607  1  114  0  0  46.23  2  724  320
0393 107 215  1362  127  0  88  0  0  15.79  0  215  108
0394 46 131  952  41  0  89  0  0  13.76  0  130  85
0395 134 368  1748  150  0  213  1  0  21.05  3  367  234
0396 601 988  2179  830  2  140  0  2  45.34  0  974  387
0397 43 124  806  49  0  74  0  0  15.38  0  123  81
0398 346 754  3616  442  2  302  0  0  20.85  2  748  408
0399 171 315  2539  169  0  143  0  0  12.41  2  314  144
0400 133 269  1501  127  1  138  1  2  17.92  0  269  136
0401 242 633  1941  504  2  117  0  1  32.61  1  625  391
0402 555 1048  2331  893  0  142  1  0  44.96  1  1037  493
0403 220 516  1669  234  0  273  0  1  30.92  4  512  296
0404 248 514  2717  124  0  385  1  0  18.92  4  514  266
0405 0 0  0  0  0  0  0  0  0.00  0  0  0
0406 121 239  631  186  0  47  0  0  37.88  3  236  118
0407 199 580  3660  224  0  348  0  0  15.85  1  573  381
0408 78 195  1033  34  1  157  0  0  18.88  0  192  117
0409 128 304  2099  128  0  169  0  0  14.48  2  299  176
0410 136 241  850  160  0  77  1  1  28.35  1  240  105
0411 196 577  2408  194  1  368  1  1  23.96  1  566  381
0412 58 122  402  103  0  19  0  0  30.35  0  122  64
0413 560 951  3015  571  0  359  0  2  31.54  7  939  391
0414 263 546  3701  209  0  313  2  0  14.75  8  532  283
0415 188 451  2182  228  0  220  0  0  20.67  3  451  263
0416 283 684  3812  339  1  328  1  3  17.94  3  675  401
0417 174 484  2525  245  0  233  0  1  19.17  1  480  310
0418 261 716  3518  377  0  327  0  2  20.35  2  708  455
0419 224 530  2997  130  0  384  0  1  17.68  11  526  306
0420 262 590  4495  187  0  394  0  0  13.13  4  585  328
0421 59 120  512  82  0  36  0  0  23.44  0  118  61
0422 613 1228  3191  1032  1  178  1  1  38.48  3  1216  615
0423 59 218  955  66  0  143  1  0  22.83  6  216  159
0424 51 135  724  66  0  68  0  0  18.65  0  134  84
0425 89 210  921  104  0  105  0  0  22.80  0  209  121
0426 89 235  1288  84  0  151  0  0  18.25  0  235  146
0427 123 256  1094  108  0  145  0  1  23.40  0  254  133
0428 396 853  3863  405  0  431  0  4  22.08  1  841  457
0429 367 694  3682  452  0  236  1  0  18.85  2  691  327
0430 143 239  1547  133  0  103  1  0  15.45  0  237  96
0431 273 653  3352  341  1  303  0  0  19.48  0  645  380
0432 87 201  1478  113  0  87  0  0  13.60  0  200  114
0433 40 122  603  77  0  45  0  0  20.23  0  122  82
0434 99 332  1375  160  0  169  1  1  24.15  0  331  233
0435 226 593  2859  284  1  305  0  0  20.74  0  590  367
0436 230 611  3051  311  0  296  0  0  20.03  2  609  381
0437 123 349  2059  177  0  168  1  0  16.95  1  347  226
0438 106 273  1783  143  0  127  0  1  15.31  0  271  167
0439 212 573  3169  272  0  296  0  0  18.08  0  568  361
0440 153 536  2831  276  0  253  1  0  18.93  2  532  383
0441 86 267  1605  125  0  141  0  0  16.64  1  267  181
0442 101 286  2486  132  0  145  1  1  11.50  3  282  185
0443 53 131  595  61  0  69  0  0  22.02  0  130  78
0444 222 593  3212  199  0  386  0  1  18.46  2  588  371
0445 164 393  2023  166  0  223  0  1  19.43  2  392  229
0446 17 40  246  8  0  30  0  0  16.26  1  39  23
0447 49 108  426  60  0  47  0  0  25.35  0  107  59
0448 237 822  3401  313  1  502  1  1  24.17  2  820  585
0449 2 2  0  1  0  1  0  0  0.00  0  2  0
0450 272 669  3027  450  0  208  0  1  22.10  1  660  397
0451 137 315  2729  158  0  155  0  0  11.54  0  313  178
0452 80 308  2603  110  0  194  0  0  11.83  0  304  228
0453 166 454  1865  242  1  207  1  0  24.34  0  451  288
0454 536 860  2572  725  0  120  0  1  33.44  2  848  324
0455 307 649  1725  513  1  121  0  0  37.62  2  637  342
0456 229 530  2959  250  2  268  2  1  17.91  4  527  301
0457 1 1  0  1  0  0  0  0  0.00  0  1  0
0458 387 795  1846  627  1  153  0  3  43.07  3  787  408
0459 282 474  2962  227  1  241  0  0  16.00  3  472  192
0460 390 629  1890  401  1  217  0  0  33.28  2  621  239
0461 293 627  3297  310  0  312  0  0  19.02  2  624  334
0462 481 1048  3102  679  0  361  0  0  33.78  2  1042  567
0463 228 415  2182  247  0  165  1  0  19.02  1  414  187
0464 120 302  2168  132  0  163  1  1  13.93  1  298  182
0465 368 701  3486  399  2  292  0  0  20.11  2  695  333
0466 406 870  3796  537  1  318  0  1  22.92  2  859  464
0467 162 364  1733  269  0  85  0  1  21.00  2  357  202
0468 347 865  3642  515  0  340  0  1  23.75  2  858  518
0469 234 473  3612  238  0  232  1  0  13.10  0  471  239
0470 76 174  1414  38  0  133  0  0  12.31  2  173  98
0471 113 293  2326  75  1  214  0  1  12.60  2  293  180
0472 144 310  1049  165  0  145  0  0  29.55  0  310  166
0473 187 384  1885  201  1  178  0  1  20.37  2  383  197
0474 190 487  3104  243  0  237  0  0  15.69  1  481  297
0475 104 241  1275  95  0  143  1  0  18.90  0  239  137
0476 187 586  2552  244  0  330  1  0  22.96  2  577  399
0477 157 379  2930  184  0  191  0  0  12.94  2  377  222
0478 259 579  3805  310  0  259  0  2  15.22  1  572  320
0479 122 387  2547  180  0  204  0  0  15.19  1  385  265
0480 200 621  3485  318  0  295  0  2  17.82  1  616  421
0481 174 478  3294  221  1  243  2  1  14.51  4  472  304
0482 244 579  3991  299  0  275  0  0  14.51  3  577  335
0483 344 840  4183  443  0  390  0  2  20.08  1  836  496
0484 264 627  4302  302  1  320  0  0  14.57  1  624  363
0485 266 522  4395  292  0  222  0  2  11.88  2  518  256
0486 277 633  5046  314  0  309  0  1  12.54  1  625  356
0487 310 542  2981  255  1  276  0  1  18.18  1  534  232
0488 203 521  1949  292  0  221  0  1  26.73  1  515  318
0489 262 596  1821  388  0  200  0  0  32.73  2  590  334
0490 420 834  2914  510  0  321  1  0  28.62  2  834  414
0491 117 359  1898  194  0  165  0  0  18.91  0  359  242
0492 227 460  2539  256  0  201  0  1  18.12  0  458  233
0493 127 325  1777  166  0  158  0  0  18.29  0  324  198
0494 372 891  3061  637  1  236  0  2  29.11  2  878  519
0495 144 325  2065  154  1  167  1  0  15.74  1  324  181
0496 125 347  1981  188  0  152  0  1  17.52  3  344  222
0497 522 937  2318  797  1  128  1  1  40.42  1  929  415
0498 173 390  2141  252  0  133  1  1  18.22  2  389  217
0499 205 427  2220  213  1  205  0  3  19.23  1  423  222
0500 215 459  3031  197  0  257  0  0  15.14  3  457  244
0501 175 458  1409  250  0  204  0  0  32.51  1  455  283
0502 78 254  2268  57  0  181  3  0  11.20  5  246  176
0503 136 276  1351  105  1  161  0  0  20.43  2  269  140
0504 164 399  2184  216  0  181  1  0  18.27  0  398  235
0505 314 806  3832  379  1  418  0  0  21.03  1  799  492
0506 595 1278  3151  952  1  309  1  1  40.56  4  1268  683
0507 216 438  2651  226  0  208  0  0  16.52  1  435  222
0508 346 768  2899  293  1  467  0  0  26.49  0  761  422
0509 200 488  2975  234  1  242  0  0  16.40  4  481  288
0510 324 689  3296  405  1  279  0  0  20.90  2  687  365
0511 1 1  0  0  0  1  0  0  0.00  0  1  0
0512 285 811  4259  400  0  395  0  2  19.04  5  802  526
0513 174 421  2733  204  0  214  1  1  15.40  1  421  247
0514 238 511  3734  254  0  253  0  1  13.69  1  509  273
0515 127 313  2949  172  0  141  0  0  10.61  0  313  186
0516 362 913  4340  564  0  335  0  0  21.04  5  904  551
0517 309 582  3402  275  0  296  0  1  17.11  3  575  273
0518 259 705  3649  351  0  340  2  0  19.32  4  697  446
0519 134 325  2930  163  0  157  0  1  11.09  2  323  191
0520 345 720  3594  525  1  188  0  0  20.03  0  714  375
0521 583 1073  5070  567  0  486  1  2  21.16  3  1059  490
0522 205 473  3260  225  0  245  0  0  14.51  1  471  268
0523 253 458  3100  224  0  231  0  0  14.77  0  455  205
0524 437 884  3393  532  0  342  0  0  26.05  2  876  447
0525 526 1142  2897  851  0  279  2  0  39.42  4  1136  616
0526 63 151  721  54  0  93  0  0  20.94  2  149  88
0527 16 70  555  13  0  53  1  0  12.61  0  67  54
0528 10 28  109  19  0  6  0  0  25.69  0  25  18
0529 211 377  3627  157  0  212  1  0  10.39  4  374  166
0530 85 318  1214  47  0  262  1  2  26.19  0  312  233
0531 82 147  1021  50  0  93  1  0  14.40  2  146  65
0532 82 177  1081  72  0  99  0  0  16.37  2  173  95
0533 92 199  1146  67  0  128  1  1  17.36  2  199  107
0534 282 579  3978  149  0  421  2  0  14.56  5  577  297
0535 19 63  420  15  0  46  0  0  15.00  1  62  44
0536 341 863  3459  407  1  448  0  0  24.95  2  858  522
0537 212 481  2608  215  0  262  0  0  18.44  0  477  269
0538 170 425  1211  337  0  78  0  0  35.09  2  417  255
0539 13 20  53  14  0  6  0  0  37.74  0  20  7
0540 224 459  1436  244  0  210  1  1  31.96  3  459  235
0541 702 1185  3452  945  0  231  1  0  34.33  1  1178  483
0542 572 1346  3573  980  1  349  0  0  37.67  5  1335  774
0543 111 364  1515  69  0  291  1  1  24.03  0  362  253
0544 46 93  336  60  0  29  0  0  27.68  0  89  47
0545 371 926  3504  545  0  366  0  0  26.43  5  916  555
0546 1 4  37  2  0  2  0  0  10.81  0  4  3
0547 129 338  2391  150  0  183  1  1  14.14  1  336  209
0548 188 422  2156  252  0  168  0  0  19.57  0  420  234
0549 321 813  2401  594  1  202  0  0  33.86  1  798  492
0550 294 649  4052  400  0  240  1  0  16.02  2  643  355
0551 356 804  5539  469  1  324  1  1  14.52  0  796  448
0552 98 381  3373  168  0  203  0  2  11.30  1  374  283
0553 354 709  3881  403  1  298  0  0  18.27  0  702  355
0554 208 536  1788  340  1  186  0  0  29.98  2  529  328
0555 176 533  2104  384  0  142  1  0  25.33  0  527  357
0556 235 369  2623  218  0  146  0  1  14.07  1  366  134
0557 430 854  4043  463  1  376  0  3  21.12  3  846  424
0558 470 883  3657  543  0  332  2  0  24.15  0  877  413
0559 386 714  3053  528  0  182  0  0  23.39  0  710  328
0560 79 357  1180  70  0  273  0  1  30.25  4  348  278
0561 179 535  3124  240  0  284  2  2  17.13  2  530  356
0562 64 184  665  108  0  73  0  0  27.67  1  182  120
0563 265 444  3080  247  0  194  1  0  14.42  2  444  179
0564 529 1025  3133  748  0  273  0  1  32.72  2  1024  496
0565 312 715  3233  477  0  230  0  1  22.12  1  709  403
0566 368 681  2895  464  0  210  0  0  23.52  2  676  313
0567 231 466  2429  262  0  201  1  0  19.18  1  465  235
0568 317 739  3499  347  0  380  2  0  21.12  4  733  422
0569 262 666  2989  288  1  374  1  0  22.28  1  665  404
0570 141 326  1542  169  0  155  0  0  21.14  1  325  185
0571 122 344  1793  67  1  263  0  1  19.19  2  334  222
0572 269 559  2762  315  0  235  0  1  20.24  3  554  290
0573 286 580  1570  480  1  92  0  1  36.94  2  576  294
0574 30 30  390  18  0  12  0  0  7.69  0  30  0
0575 7 12  89  3  0  9  0  0  13.48  0  12  5
0576 461 1025  2690  881  2  133  0  1  38.10  2  1019  564
0577 50 118  572  46  0  69  0  0  20.63  0  115  68
0578 186 484  2301  193  0  285  0  1  21.03  3  482  298
0579 138 359  1681  145  1  206  1  0  21.36  3  356  221
0580 155 372  1128  320  0  48  0  0  32.98  0  368  217
0581 202 477  1077  401  1  68  0  0  44.29  1  471  275
0582 204 569  1622  466  0  98  1  0  35.08  1  566  365
0583 168 448  1283  376  0  66  0  1  34.92  4  447  280
0584 132 257  1022  193  1  60  0  0  25.15  0  254  125
0585 298 694  2212  536  1  140  1  0  31.37  4  682  396
0586 203 677  4375  309  0  358  0  0  15.47  2  669  474
0587 186 332  1684  188  0  138  0  1  19.71  2  329  146
0588 136 474  3255  191  0  274  0  2  14.56  1  468  338
0589 226 432  2859  236  1  186  0  0  15.11  5  428  206
0590 145 297  2148  162  0  132  0  0  13.83  1  295  152
0591 160 491  2271  114  0  354  0  1  21.62  3  472  331
0592 83 194  1101  125  0  60  1  1  17.62  0  187  111
0593 232 679  3604  292  1  380  0  0  18.84  1  674  447
0594 329 655  2157  424  2  214  1  0  30.37  1  642  326
0595 143 372  1572  248  0  122  0  0  23.66  0  370  229
0596 156 424  2765  218  0  199  0  0  15.33  1  418  268
0597 187 414  2401  239  0  167  0  3  17.24  2  411  227
0598 47 82  713  35  0  46  0  0  11.50  0  81  35
0599 484 956  3451  615  0  331  0  1  27.70  0  947  472
0600 448 914  3574  496  1  399  0  1  25.57  6  903  466
0601 294 558  4019  314  0  240  0  0  13.88  1  555  264
0602 58 160  1080  86  0  74  0  0  14.81  0  160  102
0603 227 500  3226  256  0  241  1  0  15.50  0  498  273
0604 126 357  2960  110  0  240  2  0  12.06  3  355  231
0605 807 1502  4624  976  1  503  1  1  32.48  6  1488  695
0606 146 283  1056  236  1  43  0  0  26.80  1  281  137
0607 67 163  960  112  0  46  0  0  16.98  2  160  96
0608 75 237  1282  56  0  177  0  0  18.49  3  236  162
0609 222 645  3028  311  0  328  1  0  21.30  1  641  423
0610 121 305  1910  94  0  206  0  0  15.97  2  302  184
0611 467 881  2444  731  1  134  1  0  36.05  3  870  414
0612 254 460  3333  228  0  226  0  2  13.80  2  458  206
0613 222 568  2416  373  0  183  0  1  23.51  1  558  346
0614 515 1138  3853  789  0  332  0  4  29.54  3  1128  623
0615 151 344  2063  203  0  140  0  0  16.67  0  343  193
0616 236 543  3280  311  0  230  0  0  16.55  0  541  307
0617 748 1651  6329  1021  0  608  0  1  26.09  5  1635  903
0618 527 918  5619  482  0  425  2  1  16.34  2  912  391
0619 283 681  4100  320  0  360  0  0  16.61  0  680  398
0620 685 1207  5305  757  0  441  0  0  22.75  1  1199  522
0621 97 188  1161  88  0  100  0  0  16.19  0  188  91
0622 273 588  3000  289  0  295  1  0  19.60  0  585  315
0623 241 484  3363  272  2  205  1  0  14.39  1  481  243
0624 1 1  3  0  0  1  0  0  33.33  0  1  0
0625 167 403  1815  210  0  191  0  0  22.20  2  403  236
0626 245 552  2690  323  0  227  0  1  20.52  1  552  307
0627 262 906  2705  467  2  416  1  1  33.49  2  889  644
0628 102 242  1548  90  0  147  0  0  15.63  1  238  140
0629 63 129  550  113  0  15  0  0  23.45  0  128  66
0630 488 850  1482  752  0  93  1  1  57.35  1  848  362
0631 234 412  2639  210  0  200  0  0  15.61  0  410  178
0632 2 2  80  2  0  0  0  0  2.50  0  2  0
0633 203 443  2817  227  0  213  0  0  15.73  0  440  240
0634 149 439  3355  251  0  186  0  1  13.08  0  438  290
0635 250 419  3330  188  0  227  0  0  12.58  2  417  169
0636 129 419  3366  122  0  289  0  2  12.45  3  416  290
0637 298 765  2475  228  0  516  0  4  30.91  1  749  467
0638 516 1064  3756  832  0  214  0  1  28.33  4  1051  548
0639 92 296  2524  123  1  168  0  0  11.73  1  293  204
0640 273 577  3785  312  0  260  0  1  15.24  1  574  304
0641 153 387  2907  190  0  192  0  0  13.31  0  382  234
0642 241 561  3756  285  0  271  0  0  14.94  1  557  320
0643 767 1479  6431  941  0  518  0  1  23.00  4  1464  712
0644 368 837  4635  389  0  445  0  0  18.06  1  835  469
0645 342 722  3659  478  0  244  0  0  19.73  0  722  380
0646 287 591  1990  358  2  223  0  0  29.70  0  583  304
0647 483 993  4532  518  0  462  0  1  21.91  1  982  510
0648 208 488  2966  275  1  209  0  0  16.45  0  485  280
0649 490 717  4280  431  1  276  1  0  16.75  1  710  227
0650 192 469  2714  210  0  252  0  0  17.28  1  463  277
0651 357 805  4495  413  0  383  1  0  17.91  4  801  448
0652 460 1050  2378  779  0  265  1  2  44.15  0  1047  590
0653 0 3  0  3  0  0  0  0  0.00  0  3  3
0654 479 1110  5448  552  1  541  2  1  20.37  1  1098  631
0655 494 1101  5428  613  0  473  0  2  20.28  4  1092  607
0656 530 1089  2684  878  3  186  0  0  40.57  1  1068  559
0657 622 1188  4575  858  0  323  0  0  25.97  3  1184  566
0658 198 472  2949  253  1  211  2  0  16.01  2  469  274
0659 357 739  4275  392  1  337  0  0  17.29  5  735  382
0660 909 1816  4534  1530  0  267  0  1  40.05  1  1799  907
0661 248 601  3622  293  0  300  1  0  16.59  2  596  353
0662 290 633  4721  236  0  388  2  1  13.41  4  631  343
0663 257 866  3273  309  0  542  2  2  26.46  6  861  609
0664 252 769  2968  277  2  468  0  2  25.91  4  753  517
0665 110 249  2029  60  1  181  1  0  12.27  0  243  139
0666 0 0  0  0  0  0  0  0  0.00  0  0  0
0667 118 308  2189  164  0  141  0  1  14.07  1  307  190
0668 111 266  2045  140  1  125  0  0  13.01  0  266  155
0669 178 537  3171  278  0  252  2  2  16.93  1  535  359
0670 243 394  3023  190  1  198  1  0  13.03  1  391  151
0671 238 526  2831  287  0  234  0  2  18.58  0  523  288
0672 188 452  2975  244  0  204  1  0  15.19  0  449  264
0673 185 409  3114  115  1  286  1  0  13.13  3  406  224
0674 273 605  3953  311  0  287  0  0  15.30  2  600  332
0675 1 2  0  2  0  0  0  0  0.00  0  2  1
0676 0 1  0  0  0  1  0  0  0.00  0  1  1
0677 75 189  967  44  0  142  0  1  19.54  0  187  114
0678 77 154  736  76  0  77  0  0  20.92  0  153  77
0679 215 493  3279  161  0  328  0  0  15.04  0  489  278
0680 13 27  146  16  0  10  0  0  18.49  0  26  14
0681 2 2  6  0  0  2  0  0  33.33  0  2  0
0682 288 609  4124  236  0  365  0  0  14.77  2  603  321
0683 11 54  275  14  1  38  0  0  19.64  0  53  43
0684 7 18  90  12  0  6  0  0  20.00  0  18  11
0685 83 89  306  23  0  60  2  2  29.08  1  88  6
0686 15 33  191  23  0  10  0  0  17.28  0  33  18
0687 192 423  2390  231  0  191  0  0  17.70  0  422  231
0688 148 393  2850  189  0  201  0  0  13.79  2  392  245
0689 142 384  2151  134  1  245  0  0  17.85  1  381  242
0690 150 405  3582  207  0  190  1  0  11.31  3  401  255
0691 1 4  29  3  0  1  0  0  13.79  0  4  3
0692 138 374  2694  163  0  205  0  1  13.88  1  370  236
0693 137 242  674  164  0  77  0  0  35.91  1  242  105
0694 57 122  768  54  0  65  0  0  15.89  1  120  65
0695 97 237  1756  56  0  172  0  0  13.50  2  230  140
0696 122 300  2479  69  0  219  0  2  12.10  6  296  178
0697 550 1370  5069  938  1  410  1  1  27.03  2  1353  820
0698 381 926  2778  704  2  206  0  1  33.33  2  915  545
0699 224 432  2199  219  0  210  0  0  19.65  0  429  208
0700 57 192  1547  55  0  134  0  0  12.41  2  191  135
0701 34 82  550  29  0  50  0  0  14.91  0  79  48
0702 72 157  576  94  0  61  0  0  27.26  2  157  85
0703 139 349  1933  152  1  194  0  0  18.05  0  347  210
0704 146 352  2401  98  1  246  1  0  14.66  3  349  206
0705 128 250  1403  164  0  82  0  0  17.82  1  247  122
0706 42 96  526  53  0  42  0  0  18.25  1  96  54
0707 58 146  735  56  0  87  0  1  19.86  1  145  88
0708 44 82  612  12  0  69  0  0  13.40  0  81  38
0709 452 981  4413  634  0  337  0  1  22.23  3  975  529
0710 164 482  1812  236  1  240  0  1  26.60  2  480  318
0711 286 635  2940  371  0  255  0  1  21.60  5  632  349
0712 274 590  2292  356  0  232  0  0  25.74  0  588  316
0713 153 300  1703  183  0  117  0  0  17.62  0  300  147
0714 13 20  320  1  0  19  0  0  6.25  0  20  7
0715 111 175  1326  88  0  85  0  0  13.20  2  175  64
0716 183 436  2703  157  0  274  0  0  16.13  1  432  253
0717 287 665  2035  529  0  127  0  0  32.68  0  656  378
0718 375 860  3815  402  0  449  1  0  22.54  3  855  485
0719 128 287  1731  74  1  202  0  1  16.58  4  282  159
0720 206 424  3146  204  0  216  0  0  13.48  2  422  218
0721 266 523  2811  235  1  286  0  0  18.61  0  522  257
0722 654 1512  4014  1127  1  358  0  4  37.67  7  1497  858
0723 271 553  1748  399  2  148  0  0  31.64  1  550  282
0724 54 112  679  61  0  49  0  0  16.49  1  111  58
0725 296 494  2274  307  0  179  0  0  21.72  3  489  198
0726 113 198  2234  92  0  104  0  0  8.86  1  197  85
0727 227 434  2107  310  0  124  0  0  20.60  0  434  207
0728 91 189  952  93  0  96  0  0  19.85  0  189  98
0729 56 94  473  55  0  37  0  0  19.87  1  93  38
0730 109 333  1533  132  0  197  0  0  21.72  0  329  224
0731 61 104  394  68  0  36  0  0  26.40  0  104  43
0732 174 416  1973  185  0  227  0  2  21.08  1  415  242
0733 16 23  210  8  0  14  0  0  10.95  0  22  7
0734 410 676  4081  411  0  259  0  0  16.56  1  671  266
0735 0 6  25  1  0  5  0  0  24.00  0  6  6
0736 3 5  25  2  0  3  0  0  20.00  0  5  2
0737 6 10  53  2  0  8  0  0  18.87  0  10  4
0738 53 132  976  85  1  44  0  0  13.52  0  130  79
0739 252 572  3011  306  0  258  0  1  19.00  1  566  320
0740 48 135  875  40  1  88  0  0  15.43  5  134  87
0741 0 0  0  0  0  0  0  0  0.00  0  0  0
0742 1 1  0  1  0  0  0  0  0.00  0  1  0
0743 6 15  236  2  0  12  0  0  6.36  1  15  9
0744 193 396  2076  185  0  208  0  1  19.08  1  395  203
0745 265 477  2506  230  0  245  0  0  19.03  0  475  212
0746 79 143  718  71  0  67  3  0  19.92  1  142  64
0747 229 505  3041  291  0  210  0  0  16.61  1  502  276
0748 130 238  1388  139  0  95  0  0  17.15  1  235  108
0749 32 94  411  58  0  35  0  0  22.87  0  93  62
0750 90 177  1280  87  0  86  0  0  13.83  1  174  87
0751 166 475  3195  201  1  267  0  0  14.87  2  471  309
0752 95 243  1558  77  0  163  0  0  15.60  1  241  148
0753 18 52  260  19  0  32  0  0  20.00  0  51  34
0754 0 0  0  0  0  0  0  0  0.00  0  0  0
0755 238 651  2803  248  0  396  1  1  23.23  3  649  413
0756 277 505  2181  325  1  172  0  0  23.15  3  501  228
0757 457 938  3670  741  1  191  0  1  25.56  1  935  481
0758 218 429  3109  209  0  217  0  0  13.80  1  427  211
0759 197 466  2334  230  0  228  1  0  19.97  0  459  269
0760 260 454  3717  245  0  205  0  0  12.21  1  451  194
0761 143 279  1390  123  1  153  0  1  20.07  0  278  136
0762 1 1  0  1  0  0  0  0  0.00  0  1  0
0763 75 198  1204  48  0  145  0  0  16.45  0  193  123
0764 721 1283  6419  837  0  439  0  0  19.99  3  1279  562
0765 377 845  3416  449  0  384  1  1  24.74  2  837  468
0766 49 141  432  40  0  97  0  0  32.64  0  137  92
0767 4 5  105  2  0  3  0  0  4.76  0  5  1
0768 248 597  4259  336  1  255  0  0  14.02  1  593  349
0769 18 24  53  17  0  7  0  0  45.28  0  24  6
0770 22 38  213  14  0  24  0  0  17.84  0  38  16
0771 196 386  2451  201  0  182  0  1  15.75  0  384  190
0772 433 983  5672  476  0  499  1  1  17.33  1  978  550
0773 296 550  2189  311  0  235  0  0  25.13  0  546  254
0774 10 37  114  32  0  4  0  0  32.46  0  36  27
0775 38 46  85  37  0  8  0  0  54.12  0  45  8
0776 345 630  3361  389  0  234  1  0  18.74  1  625  285
0777 37 95  764  12  1  80  0  0  12.43  0  93  58
0778 0 0  0  0  0  0  0  0  0.00  0  0  0
0779 116 283  1158  47  1  227  0  1  24.44  0  276  167
0780 27 82  599  24  0  57  0  0  13.69  0  81  55
0781 458 798  3635  266  0  516  0  0  21.95  2  784  340
0782 174 395  2257  205  0  187  1  0  17.50  2  395  221
0783 23 30  292  16  0  14  0  0  10.27  0  30  7
0784 144 345  1051  296  1  45  0  0  32.83  0  342  201
0785 16 44  286  15  0  28  0  0  15.38  0  43  28
0786 58 200  1421  43  0  155  0  0  14.07  0  198  142
0787 55 104  523  16  0  83  1  0  19.89  2  102  49
0788 59 118  581  65  0  52  0  0  20.31  0  117  59
0789 0 1  4  1  0  0  0  0  25.00  0  1  1
0790 4 6  8  4  0  2  0  0  75.00  0  6  2
0791 0 0  0  0  0  0  0  0  0.00  0  0  0
0792 201 558  1843  260  1  279  1  2  30.28  1  544  357
0793 209 400  2597  106  1  286  0  1  15.40  1  395  191
0794 139 301  2345  233  0  62  1  0  12.84  0  296  162
0795 83 288  1404  55  1  225  0  0  20.51  1  282  205
0796 44 80  494  15  0  62  0  0  16.19  1  78  36
0797 1 1  0  1  0  0  0  0  0.00  0  1  0
0798 45 152  488  64  1  84  0  0  31.15  2  151  107
0799 26 44  138  32  0  12  0  0  31.88  0  44  18
0800 219 495  2831  257  1  231  0  0  17.48  2  491  276
0801 58 151  755  78  0  71  0  0  20.00  0  149  93
0802 55 79  332  56  0  23  0  0  23.80  0  79  24
0803 140 398  2359  226  0  168  1  0  16.87  2  397  258
0804 373 636  3523  334  0  298  0  1  18.05  0  633  263
0805 128 347  2882  163  0  179  1  0  12.04  2  345  219
0806 0 1  0  0  0  1  0  0  0.00  0  1  1
0807 232 468  1899  354  0  112  0  0  24.64  0  466  236
0808 4 5  28  3  0  2  0  0  17.86  0  5  1
0809 5 10  104  6  0  4  0  0  9.62  0  10  5
0810 11 50  228  9  1  39  0  0  21.93  0  49  39
0811 21 93  285  19  0  73  0  0  32.63  0  92  72
0812 0 0  1  0  0  0  0  0  0.00  0  0  0
0813 490 908  4448  558  0  348  0  1  20.41  1  908  418
0814 428 884  3585  616  0  262  0  0  24.66  1  879  456
0815 1 1  0  1  0  0  0  0  0.00  0  1  0
0816 5 17  92  3  0  14  0  0  18.48  0  17  12
0817 1 1  0  1  0  0  0  0  0.00  0  1  0
0818 36 128  376  53  1  70  0  0  34.04  0  124  92
0819 26 59  231  11  0  48  0  0  25.54  0  59  33
0820 3 3  0  2  0  1  0  0  0.00  0  3  0
0821 152 280  1172  171  0  100  0  1  23.89  0  272  128
0822 269 545  1638  440  0  92  0  2  33.27  2  536  276
0823 249 647  3688  339  0  306  0  0  17.54  1  646  398
0824 392 748  2767  465  0  270  0  2  27.03  2  739  356
0825 1 1  0  1  0  0  0  0  0.00  0  1  0
0826 40 91  356  52  0  38  0  0  25.56  0  90  51
0827 32 134  1029  18  0  113  0  0  13.02  1  132  102
0828 83 256  1831  129  0  123  0  1  13.98  1  254  173
0829 36 66  232  53  0  13  0  0  28.45  0  66  30
0830 1 1  4  1  0  0  0  0  25.00  0  1  0
0831 0 0  0  0  0  0  0  0  0.00  0  0  0
0832 33 68  364  34  0  31  0  0  18.68  1  66  35
0833 4 9  18  8  0  1  0  0  50.00  0  9  5
0834 0 0  0  0  0  0  0  0  0.00  0  0  0
0835 25 58  303  34  0  22  0  0  19.14  0  56  33
0836 7 9  19  7  0  2  0  0  47.37  0  9  2
0837 0 0  0  0  0  0  0  0  0.00  0  0  0
0838 1 1  0  1  0  0  0  0  0.00  0  1  0
0839 114 246  1041  163  0  81  0  0  23.63  0  244  132
0840 242 386  1642  265  0  113  0  0  23.51  1  379  144
0841 1 1  0  0  0  1  0  0  0.00  0  1  0
0842 217 476  3033  236  1  236  0  0  15.69  1  474  259
0843 0 4  0  0  0  3  0  0  0.00  0  3  4
0844 2 6  11  2  0  4  0  0  54.55  0  6  4
0845 0 0  17  0  0  0  0  0  0.00  0  0  0
0846 33 78  365  51  0  22  0  1  21.37  1  75  45
0847 148 294  1170  194  0  96  0  0  25.13  1  291  146
0848 261 624  1990  446  0  173  1  0  31.36  1  621  363
0849 391 1073  3193  597  2  457  1  4  33.60  0  1061  682
0850 24 66  172  26  0  40  0  0  38.37  0  66  42
0851 228 626  3493  318  0  297  1  1  17.92  3  620  398
0852 6 10  16  8  0  2  0  0  62.50  0  10  4
0853 157 381  2709  220  0  157  0  0  14.06  2  379  224
0854 12 365  179  258  0  103  0  1  203.91  0  362  353
0855 0 0  18  0  0  0  0  0  0.00  0  0  0
0856 0 0  0  0  0  0  0  0  0.00  0  0  0
0857 0 10  1  2  0  8  0  0  1000.00  0  10  10
0858 67 156  413  129  0  25  1  0  37.77  0  155  89
0859 107 225  787  165  0  58  0  0  28.59  0  223  118
0860 3 5  0  2  0  2  0  0  0.00  1  5  2
0861 224 529  1769  408  1  110  0  1  29.90  2  522  305
0862 0 0  0  0  0  0  0  0  0.00  0  0  0
0863 89 203  669  177  0  24  0  0  30.34  1  202  114
0864 112 526  2452  226  0  290  0  0  21.45  2  518  414
0865 5 7  19  5  0  1  0  0  36.84  0  6  2
0866 0 0  0  0  0  0  0  0  0.00  0  0  0
0867 0 0  0  0  0  0  0  0  0.00  0  0  0