5001     0     6     0     0     0     0     0     0     5     3     0
5002     0    14     0     0     0     0     0     0     6     0     0
5003     0     4     0     1     0     0     0     0    10     1     0
5004     0     9     0     0     0     0     1     0     5     1     1
5005     0    51     0     0     0     0     3     0    18     3     1
5006     0   103     0     1     0     0     3     1    50     8     0
5007     0     2     0     0     0     0     0     0     0     0     0
5008     0    52     0     2     0     0     4     0    27     3     3
5009     2    72     0     0     0     0     4     0    47     3     1
5010     0   125     0     1     0     0     4     1    51     6     1
5011     0   222     0     6     2     0     9     1   106    12     0
5012     1   255     0     1     0     0    10     0   117    19     2
5013     1   108     0     3     1     0     0     1    56     4     0
5014     0    85     0     0     1     1     2     0    48     3     0
5015     1   284     2     1     0     0     7     3   153    15     2
5016     1   210     1     3     2     0     3     1    88    10     0
5017     0   176     0     1     3     0     1     2    68     4     0
5018     2   165     1     2     1     0     3     2   108    11     4
5019     0   174     0     7     0     0     6     2    93    12     3
5020     0   164     0     1     1     0     6     0    77    16     1
5021     0    17     0     0     0     0     1     1    21     5     0
5022     0   135     1     0     0     0     5     0    71     9     1
5023     0    30     0     0     0     0     5     1    18     3     0
5024     0   176     0     1     3     0     5     2    87    11     0
5025     0   214     5     2     2     0     6     1    88    17     1
5026     0    76     0     1     2     0     1     2    40     9     0
5027     0    50     0     0     1     0     1     0    24     3     0
5028     0    21     0     0     0     0     2     0     8     3     0
5029     0     6     0     0     0     0     0     0     1     2     0
5030     0     4     0     1     0     0     0     0     2     1     0
5031     1   139     0     0     3     0     5     2    81    10     5
5032     0   149     0     0     0     0     2     1    37     6     0
5033     1   119     0     0     0     0     1     0    26     2     0
5034     0    34     0     0     0     0     1     0    13     1     1
5035     1   191     2     1     1     0     5     2    74    12     0
5036     0   379     1     1     2     0     6     0   114    17     3
5037     1    45     0     0     0     0     3     0    28     4     0
5038     1   185     2     0     3     0     6     0    71    11     2
5039     0   138     0     1     2     0     3     0    47     9     1
5040     0    14     0     1     1     0     0     0    11     4     1
5041     0   180     2     4     1     0     8     2    63     9     1
5042     0   272     1     3     0     0    13     1   101     9     1
5043     0    59     0     0     0     0     2     0    28     2     1
5044     0   208     2     0     2     0     9     0   106    14     2
5045     0    10     0     0     0     0     2     0     4     1     2
5046     0    32     1     0     0     0     0     1    11     1     1
5047     1   298     0     3     1     0     4     0    82    10     2
5048     0   248     1     2     3     0     5     4    53     9     3
5049     0   379     1     3     2     0     7     1    95    15     3
5050     0     0     0     0     0     0     0     0     0     0     0
5051     0     0     0     0     0     0     0     0     0     0     0
5052     0     0     0     0     0     0     0     0     0     0     0
5053     0    48     1     0     2     0     0     0    10     0     0
5054     0   199     1     0     1     0     3     2    57     6     4
5055     0   139     0     2     2     0     5     1    56    15     0
5056     1    90     0     1     2     0     3     0    19     7     0
5057     0    18     0     0     0     0     1     0    10     4     0
5058     0   185     1     1     0     0     1     0    48    11     0
5059     1   224     6     2     1     0     4     0   111     6     0
5060     0   401     1     2     7     0     1     0   173    15     7
5061     0   325     3     1     2     1     5     1   158    19     1
5062     1   225     1     2     1     0     3     1    80    15     0
5063     0   112     2     2     1     0     2     2    64    24     2
5064     0    71     2     0     0     0     1     0    83    13     2
5065     0     1     0     0     0     0     0     0     3     1     0
5066     0    44     0     0     0     0     4     0    25     6     2
5067     0   145     0     1     3     0     3     0    49     2     0
5068     1   221     0     1     3     0     3     1    98     8     2
5069     0   179     0     1     0     0     1     2    68     8     2
5070     0   120     0     1     2     0     4     0    61     7     1
5071     0   113     0     1     1     0     5     0    57     7     1
5072     0    50     0     0     0     0     1     2    27     4     0
5073     0   220     0     6     1     0     9     0   130    12     3
5074     0    79     0     0     0     0     4     0    40    10     1
5075     1   224     2     2     4     0     3     1    64    13     1
5076     0    11     1     0     0     0     0     0     0     1     0
5077     0    52     0     4     0     0     1     0    22    19     0
5078     0   231     0     0     2     0     5     1    60     8     2
5079     0   228     2     2     2     0     9     3    92     6     3
5080     0   197     1     1     1     0     4     1    53    15     0
5081     0    65     0     3     0     0     3     0    23     3     0
5082     0   108     0     3     0     0     0     3    56     9     1
5083     0   130     1     2     0     1     3     1    37    28     2
5084     0    98     1     2     0     0     1     1    51     8     0
5085     0    38     0     0     1     0     0     0    10    11     0
5086     0   154     0     0     0     0     6     2    43    11     1
5087     1   100     1     1     1     0     6     2    42     8     0
5088     0    66     0     0     0     0     1     1    28     7     0
5089     0     5     0     0     0     0     0     0     7     0     0
5090     0    17     0     0     0     0     1     0     6     1     0
5091     0     3     0     0     0     0     0     0     0     2     0
5092     0     0     0     0     0     0     0     0     0     0     0
5093     0     0     0     0     0     0     0     0     0     0     0
5094     0     0     0     0     0     0     0     0     0     0     0
5095     0     0     0     0     0     0     0     0     0     0     0
5096     0     4     0     0     0     0     0     0     1     0     0
5097     0     0     0     0     0     0     0     0     0     0     0
5098     0     4     0     0     0     0     1     0    21     0     0
5099     0   253     4     4     2     0    15     2   166    24     2
5100     0   134     0     3     0     0     4     1   138    12     3
5101     0     0     0     0     0     0     0     0     0     0     0
5102     0    63     1     1     0     1     1     0    72    11     1
5103     0   230     1     8     0     0    11     3   210    23     1
5104     0   140     2     6     0     0     0     3   112    20     1
5105     0   160     0     2     0     0     5     8   165    20     3
5106     0    61     0     1     1     0     1     0    59     3     1
5107     0    65     1     2     1     0     1     0    77     7     0
5108     0     0     0     0     0     0     0     0     0     0     0
5109     0    62     0     0     1     0     5     0    75     6     0
5110     0    62     0     0     0     0     1     0    63     7     2
5111     0   226     2     6     0     0     9     1   138    10     1
5112     0    24     1     0     0     0     0     0    14     1     1
5113     0   134     2     0     1     0     4     0   157    20     3
5114     0     1     0     0     0     0     0     0     2     0     0
5115     0   168     2     2     0     0     4     1   161    17     5
5116     0   153     1     1     1     0     4     1   139    19     0
5117     0   105     1     4     0     0     0     0    57     6     0
5118     0    35     0     2     0     0     1     0    30     3     0
5119     0     0     0     0     0     0     0     0     2     0     0
5120     0     0     0     0     0     0     0     0     0     0     0
5121     0     0     0     0     0     0     0     0     0     1     0
5122     0   208     0     0     0     0    18     2   123     9     4
5123     0    13     0     0     0     0     1     0     8     3     3
5124     0   152     1     4     1     1     7     0    88    22     2
5125     0   170     5     4     3     0     8     3   102    21     5
5126     0   191     1     7     1     0     9     1   118     8     3
5127     0   292     4     1     0     0     9     0   154    20     4
5128     0   422     1     5     2     0    13     3   219    26    10
5129     1   129     2     3     0     0     5     2    97    20     2
5130     0   163     3     3     3     0     5     3   138    24     1
5131     0   241     0     1     1     0     7     0   137    17     1
5132     0   212     3     8     1     0    14     4   128    15     6
5133     1   116     2     3     0     0     5     0    87     7     2
5134     1   151     0     4     1     0     9     1   108    14     3
5135     1   110     2     2     2     0     4     0    75    19     8
5136     0   308     1     4     1     4    18     8   194    22     2
5137     0   146     2     5     0     1     4     4   100    19     6
5138     1   169     3     2     1     0    10     4   127    20     5
5139     0   144     0     3     0     0     4     0   111     9     0
5140     1   165     0     2     1     1     7     2   108    17     4
5141     0   224     2     2     2     0    13     3   160    16     2
5142     0   181     1     5     0     1     8     3   111    21    10
5143     0    30     0     0     0     0     2     0    21     7     0
5144     0   111     0     1     0     0    12     1    82    12     4
5145     0    45     0     1     0     0     1     0    31     4     0
5146     0    85     1     2     0     1     4     0    63     7     0
5147     0   197     2     0     2     0     5     1   142    12     1
5148     0    15     0     0     2     0     0     1    23     7     0
5149     0    86     1     0     1     1     2     1    60    10     2
5150     0     2     0     0     0     0     0     0     2     0     1
5151     0     1     0     0     0     0     0     0     5     0     0
5152     0   407     0     2     0     0     6     2   155    17     2
5153     0     2     0     0     0     0     0     0     5     1     1
5154     0   263     1     0     1     0     5     1   106    12     3
5155     0   207     2     0     1     0     5     3    74    14     2
5156     0    86     0     0     0     0     6     0    64     0     3
5157     1   144     0     2     0     0     4     1    88    13     2
5158     0   172     1     2     3     0     5     0    94    10     5
5159     0   232     4     4     1     0    15     3   152    19     4
5160     0   120     2     2     2     0     3     1    54     9     2
5161     0    99     0     5     1     0     4     4    58     5     2
5162     0   124     1     0     1     0     6     0    85    13     2
5163     0   271     2     3     0     0    19     0   138    15     3
5164     0   206     1     1     3     0    17     1   110     8     3
5165     0    69     0     3     1     0     0     1    54    14     0
5166     0    65     1     0     1     0     2     0    46     8     0
5167     0    48     0     0     0     0     1     0    24     5     0
5168     0   156     2     1     0     1     4     0    56     8     2
5169     0   137     0     1     4     0     3     0    86     7     1
5170     0     0     0     0     0     0     0     0     0     0     0
5171     0    80     0     2     0     0     1     0    36     5     0
5172     0    22     1     0     0     0     1     2    17     3     1
5173     0    27     0     2     0     0     2     1    22     2     3
5174     0   164     0     4     2     0     7     4   156    20     5
5175     0   319     0     8     1     0     5     7   184    17     3
5176     0   358     4     4     1     0     8     7   331    40     6
5177     0    50     0     1     1     0     2     0    24     1     0
5178     2   112     1     0     0     3     3     1    81    10     4
5179     0    85     2     1     1     2     4     3    70    15     0
5180     0   226     3     0     2     0     4     3   109     6     5
5181     0   138     3     4     0     3     6     4   171    18     2
5182     0   222     1     5     2     1    10     1   198    19     1
5183     0   106     1     1     0     0     1     2    96     4     2
5184     0   127     0     4     0     0     6     2   162    10     8
5185     0    73     0     2     1     0     4     1   100    14     1
5186     0    62     1     2     0     0     4     1    88     4     0
5187     0   145     1     5     1     0     4     5   174    12     2
5188     1    46     0     1     0     0     2     2    75    11     1
5189     0     0     0     0     0     0     0     0     2     0     0
5190     0    73     0     1     1     0     2     1    58     8     0
5191     0   132     1     2     2     2     5     2   110    14     1
5192     0    99     3     1     3     0     2     2    72     6     0
5193     0    74     0     1     0     0     2     0    56     4     2
5194     0    69     1     4     1     2     0     0    81    10     2
5195     2    90     1     2     1     0     3     4   100    10     0
5196     0     9     0     0     0     0     0     0     6     0     0
5197     0    16     0     0     1     0     0     0    20     0     1
5198     0    48     0     0     0     0     4     2    42     3     1
5199     0     2     0     0     0     0     0     0     3     0     0
5200     0    61     0     0     0     0     1     3    44     5     1
5201     0   118     0     3     2     0     1     1   129     5     3
5202     0    73     1     2     0     0     1     1    64     2     1
5203     0    53     0     1     1     0     3     0    63     4     1
5204     0     0     0     0     0     0     0     0     0     0     0
5205     0    99     0     1     0     0     1     6   111     8     1
5206     0     0     0     0     0     0     0     0     0     0     0
5207     0    73     1     0     1     0     1     3    85     2     1
5208     0   155     4     2     2     0     4     5   128     9     2
5209     0   203     1     1     0     0     4     8   192     3     4
5210     0    89     0     3     0     0     3     0   122    13     2
5211     0   109     0     2     0     0     1     2   118    10     1
5212     0     0     0     0     0     0     0     0     0     0     0
5213     0   104     0     2     0     0     1     2    95     1     5
5214     1   136     3     2     2     0     9     0   170     8     1
5215     0   109     1     2     0     0     1     3   146     6     1
5216     0    53     2     0     0     0     3     1    75     6     0
5217     0   111     0     1     1     0     4     1   138    14     3
5218     0   104     4     3     0     0     3     1   132     6     0
5219     0   149     0     0     0     0     5     1   167    23     3
5220     0    66     1     3     3     0     2     0    82    12     0
5221     0     0     0     0     0     0     0     0     0     0     0
5222     0    39     0     0     0     0     0     0    45     0     0
5223     1   124     1     2     0     0     5     5   106    11     2
5224     0     0     0     0     0     0     0     0     0     0     0
5225     0     7     0     0     0     0     0     1    11     0     0
5226     0     0     0     0     0     0     0     0     0     0     0
5227     1    16     0     1     0     0     0     0     8     1     1
5228     0   153     0     2     1     0     3     2   116     6     0
5229     0   162     2     2     0     0     6     0    77     3     0
5230     1    86     1     1     0     0     4     0    45     2     3
5231     0     5     0     0     1     0     0     0     3     1     0
5232     0     9     0     0     0     0     0     2     4     3     2
5233     1   204     1     0     1     0     4     2   109    13     2
5234     0   210     1     3     2     0     1     3   124    12     3
5235     0   320     1     3     2     0     5     3   172    21     4
5236     0   330     3     6     5     0     9     1   183    14     7
5237     0   122     1     1     1     0     1     0   110    10     0
5238     0    92     0     2     0     0     5     0    65     9     2
5239     0   110     0     0     1     0     6     2    91     5     3
5240     0    28     0     1     0     0     1     1    24     2     2
5241     0    11     0     1     0     0     0     0    10     1     0
5242     0    59     0     0     0     0     3     0    36     4     2
5243     0   221     1     3     4     0     3     1   175    21     1
5244     1   146     2     4     1     0     3     0   116    14     6
5245     0   177     1     1     2     0     8     1   108     8     4
5246     0   129     1     2     1     0     5     2    82    11     2
5247     0   123     0     0     0     0     5     1    50     5     1
5248     0   140     1     3     3     0     2     2    89     8     2
5249     0   249     1     2     5     0    10     3    94    26     4
5250     0   109     0     0     2     0     2     0    48     8     1
5251     0   170     0     0     2     0    10     0    54    12     2
5252     1    42     0     0     1     0     0     0    17     8     0
5253     0   234     0     1     2     0     1     3    72    33     0
5254     0     0     0     0     0     0     0     0     0     0     0
5255     0   196     0     2     0     0     4     5    94    26     2
5256     0    58     0     2     2     0     2     0    51    10     0
5257     0   149     2     3     2     0    10     4   107    14     5
5258     0    31     0     1     0     0     1     1    19     1     2
5259     0    34     0     0     0     0     0     0    26     5     3
5260     0    29     1     0     0     0     0     0    21     2     1
5261     0    49     0     0     1     0     0     0    54     9     0
5262     0    64     0     0     0     0     4     0    57     4     6
5263     0    33     2     1     1     0     1     1    38     1     0
5264     0    53     0     4     0     0     1     1    37     1     1
5265     0    33     1     1     0     0     0     0    35     3     1
5266     2    81     0     0     0     0     3     3    66    12     0
5267     0    63     1     1     0     0     4     0    62     7     2
5268     0    92     0     1     1     0     5     0    38     4     0
5269     0    84     0     0     1     0     1     3    43    10     0
5270     0    68     1     2     0     0     0     1    65     2     0
5271     0    64     1     2     0     0     3     1    37     3     1
5272     0     5     0     0     0     0     0     0     1     0     0
5273     1    14     0     0     0     0     0     0    22     3     0
5274     0    22     0     0     0     0     0     1     9     0     0
5275     0     0     0     0     0     0     0     0     0     0     0
5276     0     5     0     0     0     0     0     0     2     0     0
5277     0   104     0     2     2     0     6     1   127     5     1
5278     1   137     1     7     0     0     4     3   163    10     6
5279     0   104     0     1     1     0     1     3    96     8     0
5280     0     2     0     0     0     0     0     0     1     0     0
5281     0   175     0     2     0     0     4     2   173    14     4
5282     0   196     0     8     0     1     4     2   187    14     3
5283     1    72     1     1     2     1     2     4    91     6     4
5284     0    81     0     2     2     0     0     0    85     5     3
5285     0    45     0     1     0     0     4     2    56     6     3
5286     0     2     0     0     0     0     0     0     1     0     0
5287     0    94     0     0     0     0     4     2    91    11     3
5288     0   184     1     9     1     0     4     2   152     8     1
5289     0    83     0     2     1     0     4     0    76     6     3
5290     0   136     7     4     1     0     4     0   135    14     8
5291     1   206     1     6     1     0     6     3   238    23     7
5292     0    56     0     0     1     0     0     0    72    10     2
5293     2    42     0     1     1     0     3     0    41     2     0
5294     0    45     0     0     0     0     0     2    48     4     0
5295     0   163     0     1     2     0     6     1   170    10     5
5296     0    42     0     0     0     0     4     0    51     5     2
5297     0    23     0     1     0     0     0     0    31     4     1
5298     0    35     0     0     1     0     1     0    60     5     0
5299     0    79     0     2     0     0     1     0    87     6     5
5300     0   151     0     3     0     1     4     1   142    18     9
5301     0   111     2     6     2     0     4     0   140    14     8
5302     0    65     1     0     0     0     1     3    87     5     3
5303     0   138     0     2     0     0     1     0   163    10    11
5304     1   241     3     3     0     0     9     7   251    16     8
5305     0   153     2    10     4     0     3     2   221    13     8
5306     0   156     2     3     1     0    11     1   174    17     5
5307     0     3     0     0     0     0     0     0     1     0     0
5308     0     4     0     0     0     0     0     0     2     0     0
5309     0     0     0     0     0     0     0     0     0     0     0
5310     0   322     0     6     1     0     7     4   297    19    13
5311     0   115     2     4     2     0     4     1   139    11     0
5312     0   174     1     3     1     1     8     1   246    24     2
5313     0   170     0     4     3     0     4     2   207    16     3
5314     0   140     1     2     1     0    13     3   160     7     5
5315     2    95     1     0     1     0     5     1   101     7     3
5316     0   339    10     9     4     0    18     3   378    19     6
5317     0    73     0     3     0     0     4     2    88    11     2
5318     0   115     2     1     0     0     3     1   135     4     2
5319     0    97     0     1     0     0     3     0   109     9     2
5320     0   152     2     3     0     0     3     3   235    17     5
5321     0   158     2     7     3     0     5     1   204    12     1
5322     0    20     0     0     1     0     0     0     6     2     0
5323     0    13     0     0     0     0     0     0    11     3     0
5324     0    17     0     0     0     0     0     0     5     3     0
5325     0    46     1     0     0     0     3     0    12     2     0
5326     0    11     0     0     0     0     0     0     7     1     0
5327     0     8     0     0     0     0     0     0     5     0     0
5328     0    25     0     1     0     0     1     0    14     9     0
5329     0    18     0     0     0     0     0     0     8     1     0
5330     0     0     0     0     0     0     0     0     1     0     0
5331     0     4     0     1     0     0     0     2     0     0     0
5332     0     0     0     0     0     0     0     0     0     0     0
5333     0     1     0     0     0     0     0     0     0     0     0
5334     0     0     0     0     1     0     0     0     0     0     0
5335     0     0     0     0     0     0     0     0     0     0     0
5336     0     0     0     0     0     0     0     0     0     0     0
5337     0     0     0     0     0     0     0     0     0     0     0
5338     0     1     0     0     0     0     0     0     1     0     0
5339     0     1     0     0     0     0     0     0     4     1     0
5340     0    17     0     0     0     0     0     0    11     0     0
5341     1    20     0     1     0     1     0     0    12     1     1
5342     0    41     0     1     0     0     0     0    41     0     0
5343     1    37     0     0     0     0     3     0    19     7     0
5344     0     6     0     0     0     0     1     0     5     1     0
5345     0    81     0     1     0     0     2     0    29     6     1
5346     0    11     0     0     1     0     0     0     2     2     1
5347     0    30     3     2     1     0     0     0    19     6     0
5348     0     0     0     0     0     0     1     0     1     0     0
5349     0    52     0     0     1     0     2     1    30     4     0
5350     0    17     0     0     2     0     0     1    51     7     0
5351     0    43     0     4     1     0     2     0    34     3     0
5352     0    63     1     0     1     0     1     1    42     9     0
5353     0    16     0     1     0     0     1     0    14     7     0
5354     0    45     0     1     1     0     2     0    37     7     1
5355     0     7     0     0     0     0     0     0     5     1     0
5356     0    23     0     1     0     0     0     0    22     2     0
5357     0    25     0     1     0     0     1     0    16     4     0
5358     0     0     0     0     0     0     0     0     0     0     0
5359     0     1     0     0     0     0     0     0     0     0     0
5360     0     7     0     1     0     0     1     0     4     1     0
5361     0    79     0     2     0     0     0     0    48     8     2
5362     0    12     1     0     0     0     0     0     0     1     0
5363     0   143     1     4     0     1     6     3   115    13     5
5364     0     0     0     0     0     0     0     0     0     1     0
5365     0    22     0     0     0     0     0     0    16     2     0
5366     0    84     0     0     1     0     1     1    77     6     0
5367     0    11     0     1     1     0     0     1     9     0     0
5368     0     2     0     0     0     0     0     0     0     0     0
5369     0     7     0     0     0     0     1     1     8     1     1
5370     0     0     0     0     0     0     0     0     0     0     0
5371     0     0     0     0     0     0     0     0     0     0     0
5372     0    29     0     0     0     0     0     0    29     0     0
5373     0    12     0     0     0     0     0     1    28     0     0
5374     0    10     0     1     0     0     0     0    11     1     0
5375     0    10     0     0     0     0     0     0    26     3     1
5376     1    38     1     0     0     0     0     0    27     0     0
5377     0    19     0     1     0     0     0     2    13     3     0
5378     0     2     1     0     0     0     0     0     7     1     1
5379     0     5     0     0     0     0     0     0     8     1     0
5380     0     9     0     0     0     0     0     0    11     3     0
5381     0     8     0     0     0     0     0     0    10     0     0
5382     0    29     0     0     0     0     1     1    32     1     1
5383     0    13     0     1     0     0     0     0    21     2     0
5384     0     2     0     0     0     0     0     0     2     0     0
5385     1     2     0     0     0     0     0     0     4     0     0
5386     0     9     0     2     0     0     1     0     5     3     0
5387     0    12     1     0     1     0     0     0    15     0     0
5388     0     9     0     2     0     0     0     0     6     0     0
5389     0    17     0     0     0     0     0     0    21     2     1
5390     0     2     0     0     0     0     0     0     0     0     0
5391     0     1     0     0     0     0     0     0     3     0     0
5392     0     3     0     0     0     0     0     0     9     2     0
5393     0    12     0     0     0     0     0     0    17     3     0
5394     0    10     0     0     0     0     0     0     5     1     1
5395     0     8     0     0     0     0     0     0     2     1     0
5396     1     2     0     0     0     0     0     3     5     0     0
5397     0     1     0     0     0     0     0     0     1     0     0
5398     0    15     0     2     1     0     0     0    18     1     1
5399     0    15     0     1     1     0     1     1    35     3     0
5400     0    11     0     0     0     0     0     0    11     2     0
5401     0    29     0     1     0     0     1     0    45     1     2
5402     0     5     0     0     0     0     1     0     4     0     0
5403     0     8     0     0     0     0     0     0    16     0     0
5404     0    19     0     0     0     0     0     0    13     4     0
5405     0     3     1     0     0     0     0     0     1     3     0
5406     0     3     0     0     0     0     0     0     0     0     0
5407     0     0     0     0     0     0     0     0     0     0     0
5408     0     3     0     0     0     0     0     0     2     1     0
5409     1     0     0     0     0     0     0     0     3     0     0
5410     0     1     0     0     0     0     0     0     1     0     0
5411     0     0     0     0     0     0     0     0     2     0     0
5412     0     0     0     0     0     0     0     0     2     0     0
5413     0     0     0     0     0     0     0     0     0     0     0
5414     0     0     0     0     0     0     0     0     1     0     0
5415     0     0     0     0     0     0     0     0     0     0     0
5416     0     0     0     0     0     0     0     0     2     0     0
5417     0     0     0     0     0     0     0     0     0     0     0
5418     0     3     0     0     0     0     0     0     0     0     0
5419     0     1     0     0     0     0     0     0     0     0     0
5420     0     7     0     0     0     0     1     0     6     0     0
5421     0    20     0     2     0     0     0     0    19     0     0
5422     0     7     0     0     0     0     0     0     2     0     1
5423     0     4     0     0     0     0     0     0     8     0     0
5424     0     5     0     1     0     0     0     1    15     0     0
5425     0    26     0     2     0     0     5     0    44     2     0
5426     0    22     0     1     0     0     0     1    28     2     0
5427     0    13     0     0     0     0     0     0    12     1     0
5428     0    66     2     1     0     0     2     1    86     8     0
5429     0     0     0     0     0     0     0     0     0     0     0
5430     0     0     0     0     0     0     0     0     0     0     0
5431     0     8     0     0     1     0     0     0     9     0     0
5432     0     1     0     0     0     0     2     0     9     0     0
5433     0     4     0     0     0     0     0     0     4     1     0
5434     0     0     0     0     0     0     0     0     0     0     0
5435     0     0     0     0     0     0     0     0     0     0     0
5436     0     0     0     0     0     0     0     0     0     0     0
5437     0     1     0     0     0     0     0     0     0     0     0
5438     0     0     0     0     0     0     0     0     1     0     0
5439     0     7     0     0     0     0     0     0     3     1     0
5440     0     3     0     0     0     0     0     0     1     0     0
5441     0     2     0     0     0     0     0     0     2     0     0
5442     0     6     0     0     0     0     0     0     2     0     0
5443     0     4     0     0     0     0     0     0     1     0     0
5444     0     3     0     0     0     0     0     0     1     2     0
5445     0     1     0     0     0     0     0     0     1     0     1
5446     0     0     0     0     0     0     0     0     1     0     0
5447     0     2     0     0     0     0     0     0     0     0     0
5448     0     1     0     0     0     0     0     0     1     0     0
5449     0     0     0     0     0     0     0     0     1     0     0
5450     0    21     1     1     0     0     1     2    17     1     1
5451     0     1     0     0     0     0     0     0     5     0     0
5452     0     2     0     0     0     0     0     0     2     0     0
5453     0     0     0     0     0     0     0     0     3     0     0
5454     0     0     0     0     0     0     0     0     1     0     0
5455     0     0     0     0     0     0     0     0     0     0     0
5456     0     1     0     0     0     0     0     0     0     0     0
5457     0     0     0     0     0     0     1     0     0     0     0
5458     0     1     0     0     0     0     0     0     0     0     0
5459     0    12     0     1     0     0     0     0    10     1     0
5460     0    27     0     0     2     0     0     1   187     8     1
5461     0    22     0     1     0     0     0     0     6     0     0
5462     0     1     0     0     0     0     0     0     0     0     0
5463     0     1     0     0     0     0     0     0     0     2     0
5464     0     3     0     0     0     0     0     0     3     0     0
5465     0     1     0     0     0     0     0     0     0     0     0
5466     0    10     0     0     0     0     0     0    14     1     1
5467     0    17     0     0     0     0     0     0     9     0     0
5468     0    28     0     0     0     0     1     0    20     0     0
5469     0    12     0     0     0     0     0     1    18     5     0
5470     0     8     0     0     0     0     0     0    14     0     0
5471     0     2     0     0     0     0     0     0     1     0     0
5472     0     2     0     0     0     0     0     0     1     0     0
5473     0     0     0     0     0     0     0     0     2     0     0
5474     0     1     0     0     0     0     0     0     0     1     0
5475     0     0     0     0     0     0     0     0     0     1     0
5476     0     1     0     0     0     0     0     0     5     0     0
5477     0     1     0     0     0     0     0     0     7     0     0
5478     0     4     0     0     0     0     0     0     2     0     0
5479     0     1     0     0     0     0     0     0     7     0     0
5480     0     1     0     0     0     0     0     0     3     1     0
5481     0     4     0     0     0     0     0     0     8     0     0
5482     0     0     0     0     0     0     0     1     4     0     0
5483     0     1     0     0     0     0     0     0     1     0     0
5484     0     1     0     0     0     0     0     0     1     0     0
5485     0     0     0     0     0     0     0     1     2     0     0
5486     0     0     0     0     0     0     0     2     0     0     0
5487     0     0     0     0     0     0     0     0     2     0     0
5488     0     4     0     0     0     0     0     0     2     1     0
5489     0    50     1     0     2     0     2     0    36     0     1
5490     0    55     1     1     1     0     2     0    80     2     3
5491     0    20     0     1     0     0     1     0    14     0     0
5492     0    13     0     1     1     0     1     0     6     0     0
5493     0   112     2     2     0     0     3     0   105     3     1
5494     0    75     0     0     1     0     3     1    55     4     1
5495     0    16     0     0     0     0     2     2    37     0     0
5496     0    43     1     1     0     1     1     1    65     3     2
5497     0    25     0     0     0     0     0     0    37     3     0
5498     0    55     0     3     0     0     1     0    61     0     3
5499     0    19     0     1     1     0     1     0    19     5     0
5500     0    45     2     0     0     0     0     0    42     2     0
5501     0    59     1     0     0     0     1     0    73     4     2
5502     0    22     0     2     0     0     0     0    33     1     0
5503     0     3     0     1     0     0     1     0    18     0     0
5504     0    25     1     0     0     0     0     2    23     1     1
5505     0     5     0     0     0     0     0     0    11     0     0
5506     0     5     0     0     0     0     0     0    14     0     0
5507     0     8     0     0     0     0     0     0     3     0     0
5508     1     2     0     0     0     0     0     0     6     0     0
5509     0     1     0     0     0     0     0     0     4     0     0
5510     1    51     0     1     1     0     3     3    72     6     2
5511     0    10     1     1     0     0     1     1    19     1     0
5512     0     3     0     0     0     0     0     0    10     0     0
5513     0    18     0     0     0     0     0     0    21     0     0
5514     0    18     0     0     0     0     0     1    24     1     0
5515     0     0     0     0     0     0     0     0     4     0     0
5516     0     4     0     0     0     0     0     0    12     1     0
5517     0     9     0     0     0     0     1     3    26     4     0
5518     0     0     0     0     0     0     1     0    11     0     0
5519     0    43     0     0     0     0     3     1    48     0     1
5520     0   122     1     1     2     0     3     3   113    12     3
5521     0     0     0     0     0     0     0     0     1     0     0
5522     0   100     0     0     0     0     6     1   149     9     1
5523     0    77     0     1     0     0     0     1   125     7     0
5524     0     0     0     0     0     0     0     0     0     0     0
5525     0    38     0     1     1     0     0     2    41     1     0
5526     0    26     0     0     0     0     1     1    48     0     1
5527     0     0     0     0     0     0     0     0     0     0     0
5528     0   133     2     3     0     0     3     3   154    12     5
5529     0    43     0     0     2     0     2     0    68     4     3
5530     0    10     0     0     0     0     0     0    14     0     0
5531     0    37     0     0     0     0     1     0    34    10     1
5532     0   111     2     2     1     0     2     3   136     9     3
5533     0    55     0     2     1     0     0     2    97     7     2
5534     0    75     0     1     1     0     2     3   115     8     3
5535     0    61     1     1     0     0     0     2    52    12     1
5536     0     0     0     0     0     0     0     0     0     0     0
5537     0    34     1     2     0     0     1     0    50     2     0
5538     0    25     0     2     1     0     2     0    43     8     1
5539     0   159     3     3     0     0     6     2   158     5     4
5540     1    88     0     1     2     0     3     0   112     6     2
5541     0    56     0     2     3     0     7     1    60     0     1
5542     0    67     1     2     1     0     1     2    69     2     0
5543     0   118     0     6     1     0     1     1   116     9     1
5544     0     7     0     0     0     0     0     0    22     1     0
5545     2   144     3     2     1     0     4     3   152    14     1
5546     0   118     0     1     0     0     2     4   162    13     4
5547     0    60     0     3     0     0     2     0    85     9     1
5548     0    10     0     1     0     0     0     0    16     1     0
5549     0    72     1     3     1     0     1     2    95     4     1
5550     0    24     0     0     0     0     1     0    43     0     1
5551     0     0     0     0     0     0     0     0     0     0     0
5552     0     0     0     0     0     0     0     0     0     0     0
5553     0    25     0     0     0     0     0     0    22     0     1
5554     0     0     0     0     0     0     0     0     0     0     0
5555     0    95     1     3     2     0     6     2   204    18     3
5556     0    26     0     2     0     0     3     2    56     6     5
5557     0     0     0     0     0     0     0     0     0     0     0
5558     1    57     4     0     2     0     2     3   147    10     0
5559     0     0     0     0     0     0     0     0     0     0     0
5560     0     1     0     0     0     0     0     0     1     0     0
5561     0     0     0     0     0     0     0     0     0     0     0
5562     0     0     0     0     0     0     1     0     0     2     0
5563     1     2     0     0     0     0     1     0     7     3     0
5564     0    27     0     0     0     0     0     0    50     3     0
5565     0    12     0     0     0     0     1     0    21     2     0
5566     0    28     0     1     0     0     0     0    14     2     0
5567     0    11     0     0     0     0     1     0     8     1     0
5568     0     1     0     0     0     0     0     0     0     0     0
5569     0     0     0     0     0     0     0     0     0     0     0
5570     0     0     0     0     0     0     0     0     0     0     0
5571     0    15     1     0     0     0     0     0     8     2     1
5572     0    49     0     0     1     0     2     0    44     4     2
5573     0    15     0     1     1     0     1     0    28     4     1
5574     0    28     3     1     0     0     1     1    44     3     0
5575     0    20     0     1     1     0     1     0    21     2     0
5576     0    10     0     0     0     0     0     0     6     0     1
5577     0     8     0     0     0     0     0     0     5     0     0
5578     0    14     0     2     0     0     0     0    15     2     0
5579     1    21     0     1     0     0     1     0    14     2     0
5580     0    22     0     1     0     0     1     0    24    15     2
5581     0     6     0     0     0     0     0     0    13     3     0
5582     0     0     0     0     0     0     0     0     2     0     0
5583     0     1     0     0     0     0     0     0     2     0     0
5584     0    37     0     2     0     0     2     0    28     4     0
5585     0    33     1     0     0     0     1     1    33    10     0
5586     0     4     0     0     0     0     0     0     2     1     0
5587     0    44     0     1     2     0     0     2    39     2     0
5588     0    33     0     0     0     0     1     0    20     2     0
5589     0    25     1     0     1     0     0     1    13     5     0
5590     0   123     0     1     0     0     1     2    76     9     3
5591     0    38     0     3     1     0     0     1    34    17     0
5592     0     4     0     0     0     0     0     0    12     0     0
5593     0     2     0     0     0     0     0     0     0     0     0
5594     0     3     0     0     0     0     0     0     1     0     0
5595     0     0     0     0     0     0     0     0     0     0     0
5596     0    11     0     0     0     0     0     0     4     0     0
5597     0    28     0     0     0     0     1     1    12     3     0
5598     0     5     0     0     0     0     0     0     5     0     0
5599     0     4     0     0     0     0     0     1     0     0     0
5600     0     0     0     0     0     0     0     0     0     0     0
5601     0     4     0     0     0     0     0     0     1     0     0
5602     0     0     0     0     0     0     0     0     0     0     0
5603     0    18     0     0     0     0     0     0     9     0     0
5604     0   105     0     0     0     0     8     2   138     6     2
5605     0    48     0     2     1     0     3     0    71    10     0
5606     0   129     1     1     2     1     5     2   128    10     2
5607     0    94     2     2     1     0     2     1    99     8     1
5608     0    64     0     1     0     1     3     1    61     3     2
5609     0   164     0     1     0     0     9     1   151     9     0
5610     0    81     0     2     0     0     1     1    72     8     1
5611     0    48     0     0     1     0     2     1    55     2     1
5612     1    39     0     0     0     0     2     3    38     2     0
5613     0     2     0     0     0     0     0     0     1     0     0
5614     1    95     0     3     1     0     1     2    97     3     2
5615     0    71     0     0     2     0    10     2   102     4     2
5616     0    15     0     0     0     0     1     1    36     3     3
5617     0    46     0     0     0     0     1     1    41     1     1
5618     0    52     1     1     0     0     1     1    76     7     1
5619     0    82     1     3     0     0     2     0    62     5     0
5620     0    63     2     2     0     0    10     1    97     5     1
5621     0    23     0     0     0     0     0     0    25     1     0
5622     0    14     0     1     0     0     1     0     7     1     0
5623     0   218     1     2     4     0    12     2   237    20     2
5624     0     5     0     0     0     0     0     0     3     1     1
5625     0     0     0     0     0     0     0     0     0     0     0
5626     0    28     0     0     0     0     0     1    12     2     0
5627     0     0     0     0     0     0     0     0     0     0     0
5628     0    39     0     1     1     0     1     0    56     2     2
5629     0     0     0     0     0     0     0     0     0     0     0
5630     0     0     0     0     0     0     0     0     0     0     0
5631     0   102     1     2     0     0     7     5   141     4     4
5632     0    76     1     3     1     0     4     4    77     5     0
5633     0   139     2     4     3     0     7     6   182    20     4
5634     2    95     0     2     1     0     4     1    81    10     5
5635     0     2     0     0     0     0     0     0     0     0     0
5636     0    87     0     3     1     1     3     2   105     9     6
5637     0    69     2     1     0     0     3     3    92     7     0
5638     0    91     2     2     0     0     3     1   142     6     1
5639     0    35     1     2     2     0     2     1    47     4     0
5640     0    23     1     0     0     0     1     0    20     3     1
5641     0    57     0     0     0     0     4     2    49     4     4
5642     0    46     1     0     1     0     0     0    69     4     3
5643     1   142     2     2     0     0     5     1   153    14     0
5644     0    67     1     3     2     0     0     2    69     5     2
5645     0   102     0     4     0     0     5     3    86    13     1
5646     0     9     0     0     0     0     1     2     9     0     1
5647     0    81     0     0     0     0     1     0    54     9     0
5648     0    34     1     0     0     0     2     0    37     2     0
5649     0    12     0     0     0     0     0     0    12     2     0
5650     0    16     0     0     0     0     0     3    22     2     1
5651     0   111     2     1     1     0     1     2   109    11     3
5652     0    78     2     4     0     0     6     4   100    12     4
5653     0     2     0     0     0     0     0     0     0     0     0
5654     1    71     3     1     0     0     5     3    73     6     0
5655     0    84     0     2     2     0     6     0    80     8     1
5656     0    97     2     5     1     0     3     0    77    10     2
5657     0    73     1     4     0     0     2     2   102    10     1
5658     0   158     5     2     0     0     6     2   106    11     0
5659     1   106     1     3     1     0     2     2    67     8     0
5660     0   214     2     3     1     0     8     4   154    40     2
5661     0     0     0     0     0     0     0     0     0     0     0
5662     0    59     1     2     0     1     4     0    69     4     0
5663     0    76     1     0     3     2     0     0    57     9     0
5664     1    97     1     5     1     0     2     2    54     9     3
5665     1    87     1     3     3     0     2     4    74    12     1
5666     0    14     0     0     0     0     0     2    26     8     0
5667     0     9     0     0     0     0     0     0    17     3     0
5668     0    84     0     1     1     0     2     2    37     6     0
5669     0    33     1     0     0     0     0     3    26     5     2
5670     0     0     0     0     0     0     0     0     0     0     0
5671     0     0     0     0     0     0     0     0     0     0     0
5672     1   239     0     5     7     0     8     2   154    20     4
5673     0     0     0     0     0     0     0     0     0     0     0
5674     0    87     0     2     2     0     2     1    67    13     0
5675     0   140     1     2     0     0    10     5   125    16     1
5676     0   107     1     2     1     0     5     0    79     5     1
5677     0     0     0     0     0     0     0     0     0     0     0
5678     0    15     0     0     0     0     0     1    18     1     0
5679     0    24     0     0     0     0     0     0    24     1     1
5680     0    17     0     0     0     0     1     0    16     4     0
5681     0     4     0     0     0     0     0     0     4     1     0
5682     0     0     0     0     0     0     0     0     0     0     0
5683     0    39     0     0     0     0     2     0    29     5     1
5684     0     1     0     0     0     0     0     0     0     0     0
5685     0   193     2     4     2     0     9     6   154    19     2
5686     0   214     0     2     2     0    10     2   208    24     4
5687     0   105     2     0     1     0     6     0    85    13     0
5688     0   114     0     1     0     0     2     2   107    10     1
5689     0   263     1     2     3     0    12     3   170    20     5
5690     0   162     1     3     0     0     3     1   133    16     2
5691     0   170     0     0     2     0    14     5    90     7     5
5692     0     1     0     0     0     0     0     0     3     0     0
5693     0   137     1     0     0     0     2     1   105    11     1
5694     0   119     2     1     0     0     6     1    76     8     0
6998     0     9     0     0     0     0     1     0     7     2     0