0001 51 97  1887  3  2  0  45  18  5.14  0  0  18  46
0002 40 99  1725  1  1  0  51  17  5.74  1  0  24  59
0003 72 177  2090  1  0  0  84  24  8.47  1  0  55  105
0004 34 117  1606  0  3  0  69  17  7.29  1  0  23  83
0005 20 113  1355  0  0  0  60  10  8.34  1  0  33  93
0006 97 364  3517  4  0  0  142  17  10.35  0  0  183  267
0007 3 4  1067  0  0  0  1  2  0.37  0  0  0  1
0008 87 203  1746  3  1  0  112  7  11.63  0  0  66  116
0009 15 27  1554  0  0  0  14  3  1.74  0  0  8  12
0010 21 38  1718  0  0  0  14  2  2.21  0  0  20  17
0011 7 13  1716  0  0  0  9  0  0.76  0  0  3  6
0012 27 36  829  0  0  0  15  0  4.34  0  0  17  9
0013 154 387  3237  5  1  0  193  25  11.96  0  0  145  233
0014 107 298  1909  6  2  0  172  13  15.61  0  0  84  191
0015 87 416  2760  1  1  0  304  20  15.07  1  0  63  329
0016 35 77  1570  0  1  0  41  7  4.90  0  0  24  42
0017 98 260  2544  8  1  0  147  16  10.22  2  0  65  162
0018 60 173  1286  2  1  0  112  6  13.45  0  0  45  113
0019 15 37  1215  0  0  0  17  3  3.05  0  0  15  22
0020 20 62  2328  1  1  0  37  5  2.66  1  0  15  42
0021 6 22  910  0  0  0  11  1  2.42  0  0  9  16
0022 50 76  2548  3  0  1  46  2  2.98  0  0  20  26
0023 3 5  532  0  0  0  2  0  0.94  0  0  1  2
0024 1 2  592  0  0  0  1  0  0.34  0  0  1  1
0025 3 6  1110  0  0  0  3  0  0.54  0  0  3  3
0026 22 70  1805  0  1  0  43  1  3.88  1  0  21  48
0027 45 95  2912  1  2  0  51  14  3.26  1  0  20  50
0028 149 295  2558  2  1  0  168  16  11.53  1  0  93  146
0029 23 59  2691  0  2  0  20  0  2.19  1  0  34  36
0030 17 43  1529  1  1  0  32  0  2.81  1  0  7  26
0031 9 9  2339  0  0  0  8  0  0.38  0  0  0  0
0032 36 117  1916  0  0  0  69  20  6.11  3  0  20  81
0033 62 146  2823  1  2  0  81  23  5.17  1  0  33  84
0034 33 78  2438  2  0  0  46  10  3.20  3  0  11  45
0035 0 0  11  0  0  0  0  0  0.00  0  0  0  0
0036 67 116  2839  1  0  0  56  6  4.09  2  1  44  49
0037 35 89  1751  0  3  0  41  18  5.08  1  0  20  54
0038 63 151  2558  0  2  0  101  12  5.90  2  0  27  88
0039 28 120  2472  3  4  1  67  19  4.85  2  0  17  92
0040 77 206  2628  1  2  0  163  9  7.84  0  0  21  129
0041 53 123  2205  1  1  0  51  7  5.58  0  0  52  70
0042 0 0  1129  0  0  0  0  0  0.00  0  0  0  0
0043 70 179  1643  2  2  0  99  9  10.89  0  3  49  109
0044 12 24  1958  0  0  0  11  3  1.23  0  0  5  12
0045 46 95  4698  0  1  0  50  5  2.02  0  0  34  49
0046 9 14  2474  1  0  0  7  0  0.57  0  0  4  5
0047 2 2  1731  0  0  0  0  0  0.12  0  0  1  0
0048 3 5  921  0  0  0  1  1  0.54  0  0  1  2
0049 134 350  2772  12  4  0  143  6  12.63  2  0  157  216
0050 118 402  3645  13  4  0  163  23  11.03  0  1  157  284
0051 93 192  1649  3  1  0  83  12  11.64  1  0  84  99
0052 30 105  1754  1  3  0  57  16  5.99  1  0  19  75
0053 29 138  2506  3  3  0  77  13  5.51  1  0  34  109
0054 108 368  3105  6  2  0  201  28  11.85  1  0  112  260
0055 9 21  867  0  0  0  15  2  2.42  0  0  3  12
0056 80 241  1281  4  2  0  121  14  18.81  1  0  81  161
0057 57 156  2871  2  2  0  88  22  5.43  0  0  33  99
0058 44 113  2062  0  1  0  57  11  5.48  0  0  35  69
0059 44 159  2098  4  0  1  86  15  7.58  1  0  41  115
0060 30 98  2167  2  0  0  51  15  4.52  0  0  25  68
0061 25 49  2383  1  2  0  22  1  2.06  0  0  20  24
0062 11 58  2211  0  1  0  18  7  2.62  0  0  23  47
0063 66 238  1847  2  1  0  100  18  12.89  1  1  106  172
0064 14 24  2132  0  0  0  11  1  1.13  0  0  11  10
0065 12 34  2228  1  0  0  20  1  1.53  1  0  8  22
0066 5 27  1170  0  1  0  14  2  2.31  0  0  9  22
0067 32 80  2566  0  1  0  37  8  3.12  0  1  29  48
0068 2 3  2450  0  1  0  1  0  0.12  0  0  1  1
0069 1 8  1352  0  0  0  4  0  0.59  0  0  4  7
0070 138 358  2768  9  4  0  240  21  12.93  3  0  59  220
0071 44 179  2551  1  1  0  90  30  7.02  4  0  41  135
0072 7 44  1754  0  2  0  19  3  2.51  1  0  14  37
0073 32 172  1407  3  1  0  101  7  12.22  0  0  50  140
0074 460 841  3639  20  10  0  411  29  23.11  1  0  310  381
0075 16 54  1246  1  0  0  25  2  4.33  0  0  24  38
0076 93 305  2455  6  3  0  143  10  12.42  3  1  111  212
0077 3 11  601  0  1  0  2  0  1.83  0  0  7  8
0078 15 30  1475  0  0  0  13  0  2.03  0  0  13  15
0079 12 22  3057  0  1  0  9  2  0.72  0  0  8  10
0080 78 144  3681  2  0  0  73  3  3.91  3  0  58  66
0081 31 69  1904  1  0  0  39  4  3.62  0  0  23  38
0082 147 472  3205  16  5  0  181  21  14.73  1  1  205  325
0083 144 319  4140  2  1  0  148  16  7.71  2  0  135  175
0084 50 129  1447  0  0  0  55  5  8.91  0  0  65  79
0085 2 2  1879  0  0  0  0  0  0.11  0  0  2  0
0086 38 112  1955  6  0  0  57  10  5.73  1  0  32  74
0087 133 370  2741  6  0  0  263  26  13.50  4  0  52  237
0088 32 73  733  0  1  0  30  5  9.96  0  0  33  41
0089 36 171  1066  2  1  0  120  6  16.04  0  0  33  135
0090 241 672  3466  3  4  0  360  49  19.39  4  0  195  431
0091 39 129  1133  2  1  0  53  15  11.39  1  0  46  90
0092 237 491  2290  4  6  0  295  28  21.44  2  0  117  254
0093 51 101  3476  2  1  0  53  11  2.91  0  0  28  50
0094 7 16  538  0  0  0  8  1  2.97  1  0  5  9
0095 258 660  2938  9  4  0  442  21  22.46  3  1  138  402
0096 8 13  1097  0  0  0  7  1  1.19  0  0  4  5
0097 148 491  3975  4  3  0  199  24  12.35  2  0  224  343
0098 99 264  2265  4  1  0  129  7  11.66  1  0  105  165
0099 52 92  2103  1  2  0  45  3  4.37  0  0  34  40
0100 39 60  1800  2  0  0  24  6  3.33  0  0  23  21
0101 8 21  946  0  0  0  10  0  2.22  0  0  9  13
0102 19 35  2052  0  1  0  17  5  1.71  0  0  10  16
0103 94 239  3556  4  4  0  70  9  6.72  0  1  142  145
0104 1 1  1889  0  0  0  0  0  0.05  0  0  0  0
0105 27 49  2357  2  0  0  25  1  2.08  0  0  19  22
0106 9 19  311  1  0  0  3  0  6.11  0  0  13  10
0107 4 13  1751  0  0  0  9  0  0.74  0  0  3  9
0108 249 407  4073  7  2  0  183  11  9.99  2  0  177  158
0109 0 1  2825  0  0  0  1  0  0.04  0  0  0  1
0110 163 541  3482  13  6  0  200  21  15.54  3  0  267  378
0111 176 597  2940  26  8  1  242  17  20.31  4  0  253  421
0112 101 319  2745  6  0  0  141  11  11.62  0  0  131  218
0113 142 436  2563  6  2  0  268  17  17.01  0  0  123  294
0114 175 457  2537  19  3  0  189  23  18.01  1  0  202  282
0115 8 9  1672  0  0  0  4  0  0.54  0  0  4  1
0116 198 627  2672  14  4  0  356  31  23.47  5  0  183  429
0117 34 109  2031  1  2  0  48  10  5.37  0  0  42  75
0118 233 538  2059  7  1  0  347  28  26.13  2  0  125  305
0119 241 733  4275  27  8  0  275  25  17.15  2  0  358  492
0120 184 406  2933  10  2  1  209  18  13.84  1  0  132  222
0121 18 89  599  1  1  0  43  8  14.86  1  0  32  71
0122 5 5  2263  0  0  0  4  0  0.22  0  0  0  0
0123 9 54  1267  0  0  0  31  9  4.26  0  0  10  45
0124 298 877  3859  25  4  0  366  34  22.73  2  0  393  579
0125 74 214  2314  9  0  0  92  16  9.25  0  0  86  140
0126 234 521  2415  24  7  0  181  30  21.57  3  0  244  287
0127 161 243  1526  5  2  0  124  9  15.92  0  0  85  82
0128 94 365  2187  11  6  0  243  24  16.69  2  0  59  271
0129 262 805  5107  12  7  0  505  56  15.76  5  0  162  543
0130 267 619  2302  6  4  1  413  17  26.89  0  1  132  352
0131 11 54  1437  2  0  0  29  0  3.76  0  0  20  43
0132 5 7  2511  0  0  0  1  0  0.28  0  0  4  2
0133 75 365  2494  4  5  0  240  20  14.64  0  0  77  290
0134 45 144  1506  1  2  0  64  8  9.56  0  0  62  99
0135 178 524  2889  2  2  0  403  24  18.14  1  0  64  346
0136 6 8  2186  0  0  0  3  0  0.37  0  0  4  2
0137 20 57  744  1  0  0  45  5  7.66  0  0  5  37
0138 4 4  1826  0  1  0  2  0  0.22  0  0  1  0
0139 69 173  2152  2  1  0  110  18  8.04  1  0  34  104
0140 43 75  2721  0  1  0  38  11  2.76  0  0  19  32
0141 15 40  1028  0  1  0  16  3  3.89  1  0  18  25
0142 4 19  836  0  0  0  6  2  2.27  0  0  10  15
0143 223 341  2004  8  4  0  174  8  17.02  2  0  127  118
0144 2 2  1212  0  0  0  0  0  0.17  0  0  2  0
0145 2 2  1508  0  0  0  1  0  0.13  0  0  1  0
0146 78 254  1897  1  3  0  150  12  13.39  1  0  77  176
0147 23 83  2699  1  2  0  42  1  3.08  1  0  30  60
0148 58 256  2413  1  3  0  171  19  10.61  1  0  45  198
0149 157 378  4692  10  1  0  144  17  8.06  1  1  180  221
0150 0 0  1092  0  0  0  0  0  0.00  0  0  0  0
0151 2 3  848  0  0  0  0  0  0.35  0  0  2  1
0152 22 49  2721  0  0  0  20  3  1.80  0  0  25  27
0153 7 30  1770  0  0  0  8  0  1.69  0  0  20  23
0154 17 49  2089  0  0  0  25  7  2.35  2  0  11  32
0155 340 692  4944  19  7  0  401  24  14.00  0  0  201  352
0156 4 5  3337  0  0  0  0  0  0.15  0  0  5  1
0157 3 5  2404  0  0  0  3  0  0.21  0  0  2  2
0158 4 6  2662  0  0  0  5  0  0.23  0  0  0  2
0159 6 7  896  0  0  0  3  1  0.78  0  0  2  1
0160 0 3  724  0  0  0  1  0  0.41  0  0  2  3
0161 1 1  1137  0  0  0  0  0  0.09  0  0  1  0
0162 9 21  1326  0  0  0  9  2  1.58  0  0  8  12
0163 48 118  2936  1  1  0  47  6  4.02  0  0  46  70
0164 0 1  1535  0  0  0  0  1  0.07  0  0  0  1
0165 165 381  2347  10  5  1  192  25  16.23  0  0  126  216
0166 5 24  918  0  0  0  14  3  2.61  0  0  6  19
0167 0 0  22  0  0  0  0  0  0.00  0  0  0  0
0168 1 1  544  0  0  0  0  0  0.18  0  0  1  0
0169 2 2  2600  0  0  0  0  0  0.08  0  0  1  0
0170 44 126  1933  1  2  1  46  7  6.52  0  0  64  82
0171 3 3  1550  0  0  0  2  0  0.19  0  0  1  0
0172 7 36  575  1  0  0  21  2  6.26  0  0  11  29
0173 175 505  2346  15  3  0  249  18  21.53  1  0  187  330
0174 238 594  3004  5  8  0  334  36  19.77  4  0  154  356
0175 109 332  2303  0  4  0  230  19  14.42  0  1  67  223
0176 83 249  1532  3  2  0  179  11  16.25  1  0  33  166
0177 55 182  1282  2  1  0  130  11  14.20  1  0  28  127
0178 90 313  1751  4  5  0  205  24  17.88  4  0  58  223
0179 43 88  1584  1  0  0  46  10  5.56  0  0  25  45
0180 6 9  2774  0  0  0  5  1  0.32  0  0  3  3
0181 22 54  1964  0  0  0  26  3  2.75  1  0  18  32
0182 106 415  3089  5  4  0  246  29  13.43  5  0  103  309
0183 90 350  2336  4  0  0  255  18  14.98  1  0  60  260
0184 11 51  945  1  0  0  26  3  5.40  0  0  18  40
0185 36 151  2056  5  3  0  68  5  7.34  0  1  57  115
0186 1 1  783  0  0  0  0  0  0.13  0  0  1  0
0187 3 6  331  0  0  1  5  0  1.81  0  0  0  3
0188 30 86  1696  0  2  0  42  5  5.07  1  0  31  56
0189 42 152  1641  1  1  0  77  13  9.26  0  0  51  110
0190 19 47  1911  0  0  0  28  6  2.46  0  0  10  28
0191 23 51  1512  0  1  0  17  3  3.37  0  0  28  28
0192 0 2  2229  0  0  0  1  0  0.09  0  0  1  2
0193 0 1  1034  0  0  0  0  0  0.10  0  0  1  1
0194 15 44  1475  1  1  0  29  5  2.98  0  0  8  29
0195 4 6  1977  0  0  0  1  1  0.30  0  0  4  2
0196 1 1  367  0  0  0  1  0  0.27  0  0  0  0
0197 3 6  3168  0  0  0  1  1  0.19  0  0  4  3
0198 0 0  700  0  0  0  0  0  0.00  0  0  0  0
0199 321 702  3025  11  6  0  325  27  23.21  1  1  270  381
0200 105 251  3218  3  1  0  154  15  7.80  3  0  60  146
0201 0 0  742  0  0  0  0  0  0.00  0  0  0  0
0202 3 4  1468  0  0  0  2  1  0.27  0  0  0  1
0203 7 14  915  0  0  0  5  3  1.53  0  0  5  7
0204 153 385  3210  2  4  0  188  20  11.99  1  1  147  232
0205 3 3  1570  0  0  0  1  0  0.19  0  0  2  0
0206 33 81  2451  2  1  0  43  5  3.30  1  0  25  48
0207 20 56  1146  0  2  0  25  6  4.89  1  0  21  36
0208 37 75  2325  0  1  0  34  3  3.23  1  0  30  38
0209 0 0  0  0  0  0  0  0  0.00  0  0  0  0
0210 5 15  2106  0  0  0  7  1  0.71  1  0  6  10
0211 43 117  2690  0  0  0  60  7  4.35  1  3  40  74
0212 4 15  1817  1  0  0  7  0  0.83  0  0  7  11
0213 225 779  3179  9  4  0  551  26  24.50  2  0  146  554
0214 62 260  1702  5  4  0  150  20  15.28  1  0  71  198
0215 98 332  2062  10  3  0  188  26  16.10  0  0  88  234
0216 11 17  2037  0  0  0  9  2  0.83  0  0  6  6
0217 179 521  2565  2  2  0  409  13  20.31  1  0  66  342
0218 55 78  2275  3  0  0  51  8  3.43  0  0  11  23
0219 4 6  2491  0  0  0  0  1  0.24  0  0  3  2
0220 68 192  2619  1  1  0  86  5  7.33  1  0  90  124
0221 79 150  2582  6  2  0  78  11  5.81  1  0  50  71
0222 72 294  2342  6  1  0  223  19  12.55  1  0  31  222
0223 63 104  3345  2  1  1  54  8  3.11  0  0  35  41
0224 121 286  2701  1  1  0  172  19  10.59  2  0  82  165
0225 101 237  2969  1  2  0  121  18  7.98  2  0  74  136
0226 29 58  2408  0  0  0  31  1  2.41  0  0  25  29
0227 130 345  1806  2  2  0  266  13  19.10  3  0  40  215
0228 4 4  1035  0  0  0  2  0  0.39  0  0  1  0
0229 5 14  874  0  0  0  7  1  1.60  0  0  5  9
0230 0 3  1200  0  0  0  2  0  0.25  0  0  1  3
0231 22 74  2230  1  0  1  33  7  3.32  0  1  25  52
0232 59 220  1656  4  0  0  143  20  13.29  4  0  36  161
0233 159 366  3704  6  5  0  244  25  9.88  2  0  67  207
0234 295 847  3576  8  2  0  649  31  23.69  5  0  113  552
0235 0 1  1302  0  0  0  0  0  0.08  0  0  0  1
0236 3 5  2201  0  0  0  1  2  0.23  0  0  2  2
0237 1 3  2201  0  0  0  2  0  0.14  0  0  1  2
0238 2 2  1991  0  0  0  0  0  0.10  0  0  2  0
0239 7 8  2035  0  0  0  3  1  0.39  0  0  3  1
0240 2 3  2558  0  0  0  2  1  0.12  0  0  0  1
0241 32 56  2585  0  0  0  20  2  2.17  0  0  29  24
0242 53 101  1879  2  0  0  37  4  5.38  0  0  58  48
0243 1 1  436  0  0  0  0  1  0.23  0  0  0  0
0244 87 213  2709  8  7  0  82  12  7.86  1  0  89  126
0245 160 444  3956  12  3  0  148  32  11.22  0  0  208  284
0246 105 359  2254  5  3  0  160  19  15.93  0  0  148  254
0247 2 2  1678  0  0  0  1  0  0.12  0  0  1  0
0248 14 25  2143  0  0  0  13  3  1.17  0  0  6  11
0249 148 275  2775  6  2  0  132  10  9.91  0  0  113  127
0250 3 7  1063  0  0  0  5  0  0.66  0  0  2  4
0251 3 6  2026  0  1  0  2  0  0.30  0  0  2  3
0252 2 5  2521  0  0  0  2  0  0.20  0  0  3  3
0253 4 5  2325  0  0  0  1  0  0.22  0  0  3  1
0254 12 23  1518  0  0  0  9  2  1.52  0  0  11  11
0255 95 270  2283  4  5  0  149  20  11.83  4  0  71  175
0256 162 301  3491  5  5  0  183  9  8.62  1  0  84  139
0257 20 54  2235  0  0  0  29  0  2.42  0  0  23  34
0258 265 789  3290  13  5  0  465  39  23.98  4  2  207  524
0259 1 3  2628  0  0  0  1  0  0.11  0  0  1  2
0260 25 67  840  1  2  0  29  4  7.98  0  1  24  42
0261 13 26  728  1  0  0  12  0  3.57  0  0  13  13
0262 195 448  4091  16  7  0  221  33  10.95  1  0  155  253
0263 300 884  4712  19  4  0  438  43  18.76  3  1  310  584
0264 133 379  3083  11  4  0  161  25  12.29  5  0  146  246
0265 366 827  3482  12  6  0  576  24  23.75  6  0  159  461
0266 48 162  2288  4  0  0  70  5  7.08  1  0  74  114
0267 36 76  1525  1  0  0  29  6  4.98  0  0  37  40
0268 82 310  2230  4  0  0  218  13  13.90  4  0  52  228
0269 202 516  1947  1  4  1  391  13  26.50  4  0  73  314
0270 149 420  3428  9  5  0  208  24  12.25  1  0  153  271
0271 2 4  2419  0  0  0  1  0  0.17  0  0  2  2
0272 36 132  2069  0  0  0  76  12  6.38  1  0  32  96
0273 134 580  2435  7  6  0  413  18  23.82  4  0  105  446
0274 173 423  2769  2  3  0  287  41  15.28  2  0  65  250
0275 27 62  1632  3  0  0  37  3  3.80  1  0  15  35
0276 2 2  2651  0  0  0  1  0  0.08  0  0  0  0
0277 34 67  1526  0  0  0  24  6  4.39  0  0  36  33
0278 144 314  2531  3  1  0  161  28  12.41  0  0  101  170
0279 62 147  1923  1  0  0  53  13  7.64  0  0  75  85
0280 26 78  1669  1  0  0  31  4  4.67  1  0  36  52
0281 143 400  2605  4  2  0  276  16  15.36  4  0  64  257
0282 76 332  1975  8  2  0  195  23  16.81  1  0  85  256
0283 1 1  0  0  0  0  0  0  0.00  0  0  0  0
0284 209 338  3569  3  1  1  217  16  9.47  2  0  72  129
0285 19 26  2462  0  0  0  7  2  1.06  0  0  13  7
0286 28 78  4867  3  0  1  33  9  1.60  0  1  21  50
0287 118 309  2636  11  9  0  142  34  11.72  1  0  84  191
0288 5 6  2332  0  0  0  2  1  0.26  0  0  3  1
0289 38 125  1524  2  2  1  57  9  8.20  1  0  41  87
0290 73 215  1570  0  0  0  100  9  13.69  0  0  90  142
0291 82 163  1253  7  3  0  86  7  13.01  0  0  46  81
0292 11 19  1298  0  0  0  12  2  1.46  0  0  3  8
0293 86 206  1718  0  1  0  103  12  11.99  0  0  77  120
0294 3 5  2332  0  0  0  0  1  0.21  0  0  3  2
0295 0 0  879  0  0  0  0  0  0.00  0  0  0  0
0296 96 212  1696  3  4  0  113  6  12.50  1  0  70  116
0297 101 159  2105  2  1  0  97  14  7.55  1  1  32  58
0298 98 273  2218  5  1  0  157  14  12.31  0  0  83  175
0299 16 32  1123  1  0  0  20  0  2.85  0  0  10  16
0300 302 812  4250  20  7  0  389  34  19.11  2  0  294  510
0301 34 92  2567  2  0  0  37  10  3.58  1  0  38  58
0302 76 170  2754  3  1  0  72  8  6.17  0  0  78  94
0303 316 817  3105  8  3  1  579  27  26.31  4  0  141  501
0304 179 358  2269  2  8  1  231  19  15.78  0  0  80  179
0305 124 254  4417  10  3  0  101  15  5.75  2  1  104  130
0306 200 383  1827  4  2  0  251  11  20.96  3  0  90  183
0307 295 662  3000  3  6  0  425  39  22.07  6  0  127  367
0308 27 70  1271  1  2  0  40  5  5.51  0  0  21  43
0309 272 654  2528  13  2  0  446  23  25.87  5  0  125  382
0310 113 293  1547  8  2  0  149  15  18.94  0  0  94  180
0311 163 374  3147  7  3  1  228  26  11.88  0  2  81  211
0312 262 513  3782  6  9  0  351  40  13.56  3  0  70  251
0313 1 3  45  0  0  0  1  0  6.67  0  0  2  2
0314 173 506  4045  19  4  0  237  14  12.51  3  2  194  333
0315 152 359  1738  4  5  0  214  16  20.66  4  0  83  207
0316 120 221  1576  1  0  0  151  6  14.02  2  0  46  101
0317 43 99  1526  1  0  0  56  6  6.49  2  0  26  56
0318 5 8  3186  0  0  0  4  0  0.25  0  0  2  3
0319 14 14  2105  0  0  0  10  0  0.67  0  0  3  0
0320 25 88  1558  0  0  0  39  4  5.65  2  0  41  63
0321 32 73  2166  1  0  0  40  1  3.37  1  0  29  41
0322 28 56  1786  3  1  0  36  3  3.14  0  0  10  28
0323 56 121  1879  2  1  0  46  14  6.44  2  0  48  65
0324 143 456  2255  7  3  0  264  21  20.22  0  0  139  313
0325 39 51  2105  0  1  0  30  1  2.42  1  0  16  12
0326 14 35  683  0  0  0  9  0  5.12  0  1  24  21
0327 0 1  1839  0  0  0  0  0  0.05  0  0  1  1
0328 42 76  1520  1  0  0  33  3  5.00  0  0  34  34
0329 22 47  1412  0  1  0  29  5  3.33  0  0  10  25
0330 80 145  2016  1  1  0  68  12  7.19  1  0  49  65
0331 0 0  0  0  0  0  0  0  0.00  0  0  0  0
0332 5 7  129  2  0  0  4  0  5.43  0  0  0  2
0333 110 453  3116  7  5  0  230  30  14.54  1  0  151  343
0334 9 13  430  0  0  0  7  0  3.02  0  0  6  4
0335 11 27  1162  0  0  0  17  2  2.32  0  0  3  16
0336 8 17  1514  0  0  0  8  1  1.12  0  0  6  9
0337 7 14  752  0  0  0  11  0  1.86  0  0  3  7
0338 113 194  4225  4  2  0  99  16  4.59  5  2  50  81
0339 12 16  1688  0  0  0  14  0  0.95  0  0  1  4
0340 329 691  3581  10  7  0  337  33  19.30  2  0  266  362
0341 4 17  1154  0  0  0  7  0  1.47  0  0  10  13
0342 31 44  3457  0  0  0  18  2  1.27  0  0  21  13
0343 19 35  1857  1  0  0  19  1  1.88  0  0  12  16
0344 5 6  1238  2  0  0  1  1  0.48  0  0  1  1
0345 23 42  1727  0  1  0  25  4  2.43  0  0  10  19
0346 0 1  2  0  0  0  1  0  50.00  0  0  0  1
0347 166 365  3229  8  2  0  187  20  11.30  1  0  137  199
0348 193 337  1881  1  3  0  181  19  17.92  0  1  111  144
0349 32 95  1361  1  0  0  30  10  6.98  0  0  46  63
0350 99 246  2714  1  0  0  144  21  9.06  1  0  61  147
0351 382 918  4558  9  3  0  489  39  20.14  9  0  303  536
0352 118 269  3261  2  1  0  101  15  8.25  0  1  134  151
0353 34 86  3549  2  0  0  39  3  2.42  0  0  31  52
0354 76 151  3029  2  1  0  64  5  4.99  2  0  71  75
0355 4 7  933  0  0  0  4  0  0.75  0  0  3  3
0356 217 482  2866  5  1  0  268  37  16.82  3  0  142  265
0357 288 531  3351  8  2  0  252  26  15.85  1  0  214  243
0358 14 36  3413  2  0  0  15  1  1.05  0  0  18  22
0359 17 29  3397  1  0  0  14  3  0.85  0  0  9  12
0360 97 243  2155  5  2  1  154  21  11.28  1  0  50  146
0361 24 24  1483  0  0  0  10  13  1.62  0  0  1  0
0362 238 598  5224  23  5  0  247  27  11.45  0  0  258  360
0363 91 168  3078  1  1  0  64  9  5.46  0  0  82  77
0364 88 239  2542  3  7  0  95  11  9.40  2  0  107  151
0365 9 22  1319  0  0  0  13  0  1.67  0  0  8  13
0366 14 32  1608  0  0  0  22  0  1.99  0  1  7  18
0367 11 15  932  0  0  0  11  1  1.61  1  0  1  4
0368 16 25  826  0  1  0  8  1  3.03  1  0  12  9
0369 1 6  402  0  0  0  4  0  1.49  0  0  1  5
0370 334 817  4608  33  5  0  344  31  17.73  4  0  349  483
0371 1 4  365  0  0  0  2  0  1.10  0  0  2  3
0372 4 17  1169  0  0  0  12  1  1.45  0  0  2  13
0373 2 2  162  0  0  0  2  0  1.23  0  0  0  0
0374 6 10  772  0  0  0  6  0  1.30  0  0  4  4
0375 54 126  2773  1  2  0  65  12  4.54  1  0  42  72
0376 55 106  2247  1  0  0  41  10  4.72  1  0  51  51
0377 178 479  3091  9  2  0  215  30  15.50  3  0  181  301
0378 48 177  1862  1  0  0  62  16  9.51  0  0  79  129
0379 16 40  2016  1  1  0  24  1  1.98  0  0  8  24
0380 124 410  3505  4  5  0  183  10  11.70  0  0  186  286
0381 58 137  2612  1  3  0  47  5  5.25  0  0  71  79
0382 22 90  765  0  0  0  34  2  11.76  1  0  49  68
0383 73 128  3347  4  2  0  53  7  3.82  1  0  51  55
0384 20 61  2547  0  2  1  43  2  2.39  0  0  9  41
0385 174 548  2158  3  6  0  375  29  25.39  5  0  88  374
0386 132 304  2805  2  1  0  112  11  10.84  1  0  165  172
0387 112 379  3675  0  5  2  142  23  10.31  1  0  199  267
0388 103 226  2942  3  4  0  93  6  7.68  1  0  106  123
0389 1 6  706  0  0  0  1  3  0.85  0  0  2  5
0390 19 37  1488  0  0  0  14  3  2.49  0  0  18  18
0391 138 245  1770  3  2  0  139  21  13.84  1  0  63  107
0392 5 6  1577  0  0  0  3  1  0.38  0  0  2  1
0393 24 83  1362  2  1  0  29  12  6.09  1  0  36  59
0394 20 47  952  0  1  0  20  5  4.94  0  0  18  27
0395 115 352  1748  5  3  0  198  17  20.14  1  0  94  237
0396 4 6  2179  0  0  0  1  1  0.28  0  0  4  2
0397 14 34  806  0  1  0  11  3  4.22  0  0  16  20
0398 104 271  3616  7  1  1  117  15  7.49  0  0  119  167
0399 104 315  2539  2  2  1  152  12  12.41  1  0  126  211
0400 104 236  1501  3  0  0  114  8  15.72  0  0  97  132
0401 4 4  1941  0  0  0  0  1  0.21  0  0  3  0
0402 6 7  2331  0  0  0  4  0  0.30  0  0  2  1
0403 115 281  1669  2  2  0  186  12  16.84  1  0  59  166
0404 114 270  2717  4  1  2  114  22  9.94  1  1  112  156
0405 0 0  0  0  0  0  0  0  0.00  0  0  0  0
0406 1 1  631  0  0  0  0  0  0.16  0  0  0  0
0407 180 618  3660  21  1  0  347  31  16.89  0  3  186  438
0408 12 27  1033  1  0  0  16  1  2.61  0  0  7  15
0409 13 42  2099  0  0  0  11  2  2.00  0  0  24  29
0410 21 30  850  0  0  0  9  0  3.53  0  1  13  9
0411 24 57  2408  1  0  0  24  7  2.37  1  0  20  33
0412 0 0  402  0  0  0  0  0  0.00  0  0  0  0
0413 121 265  3015  2  4  0  112  9  8.79  4  0  124  144
0414 183 441  3701  5  1  0  212  14  11.92  0  0  188  258
0415 161 447  2182  11  2  0  256  29  20.49  3  0  108  286
0416 136 345  3812  4  6  0  159  39  9.05  1  0  113  209
0417 83 226  2525  4  4  1  76  10  8.95  0  1  113  143
0418 83 159  3518  0  2  0  60  18  4.52  0  1  72  76
0419 239 437  2997  3  1  1  193  21  14.58  1  0  199  198
0420 279 751  4495  6  4  1  345  42  16.71  0  0  326  472
0421 8 17  512  0  0  0  7  2  3.32  0  0  6  9
0422 3 13  3191  0  1  0  6  0  0.41  0  0  6  10
0423 12 77  955  3  0  1  44  1  8.06  0  0  26  65
0424 40 63  724  2  1  0  40  2  8.70  0  0  15  23
0425 24 58  921  1  1  0  29  5  6.30  3  0  15  34
0426 116 222  1288  3  2  1  111  10  17.24  0  1  76  106
0427 42 93  1094  2  2  0  54  11  8.50  1  0  19  51
0428 55 93  3863  1  1  0  63  1  2.41  0  1  18  38
0429 80 132  3682  5  1  0  81  10  3.59  0  1  26  52
0430 26 41  1547  3  0  0  23  1  2.65  0  0  7  15
0431 66 107  3352  2  0  0  54  8  3.19  0  0  34  41
0432 19 39  1478  0  1  0  23  0  2.64  0  0  13  20
0433 8 13  603  1  0  0  5  1  2.16  0  0  6  5
0434 76 227  1375  1  1  0  163  14  16.51  1  0  31  151
0435 206 561  2859  10  1  0  366  39  19.62  2  1  104  355
0436 120 435  3051  7  4  0  262  39  14.26  4  0  95  315
0437 161 525  2059  10  4  0  349  12  25.50  1  0  108  364
0438 185 487  1783  10  3  1  318  13  27.31  0  0  102  302
0439 227 735  3169  7  6  0  469  42  23.19  1  1  160  508
0440 186 650  2831  4  4  0  456  26  22.96  3  0  132  464
0441 109 387  1605  5  2  0  251  16  24.11  2  0  84  278
0442 176 528  2486  11  9  0  246  25  21.24  1  0  191  352
0443 47 110  595  2  0  0  61  10  18.49  0  0  30  63
0444 176 441  3212  6  7  0  228  27  13.73  1  0  145  265
0445 191 393  2023  7  3  0  223  12  19.43  1  0  119  202
0446 0 15  246  0  0  0  10  1  6.10  0  0  2  15
0447 6 12  426  0  0  0  5  2  2.82  0  0  4  6
0448 125 451  3401  17  4  0  223  38  13.26  0  0  142  326
0449 0 0  0  0  0  0  0  0  0.00  0  0  0  0
0450 40 138  3027  4  2  0  75  4  4.56  1  0  43  98
0451 386 815  2729  16  5  0  502  33  29.86  5  0  181  429
0452 109 381  2603  11  2  0  141  23  14.64  3  0  173  272
0453 64 137  1865  1  2  0  93  10  7.35  0  0  27  73
0454 2 5  2572  0  0  0  2  0  0.19  0  0  3  3
0455 3 3  1725  0  0  0  2  0  0.17  0  0  0  0
0456 126 213  2959  0  0  0  87  17  7.20  0  0  101  87
0457 0 0  0  0  0  0  0  0  0.00  0  0  0  0
0458 5 7  1846  0  0  0  5  1  0.38  0  0  1  2
0459 346 594  2962  7  9  0  306  32  20.05  1  0  186  248
0460 47 101  1890  2  3  0  41  1  5.34  0  0  48  54
0461 361 746  3297  17  5  0  512  22  22.63  3  1  142  385
0462 96 271  3102  6  6  0  140  15  8.74  2  1  91  175
0463 61 161  2182  3  0  0  71  9  7.38  0  0  67  100
0464 91 327  2168  11  1  1  174  15  15.08  3  0  89  236
0465 253 519  3486  5  7  0  287  18  14.89  5  0  159  266
0466 251 570  3796  13  4  1  306  13  15.02  3  0  191  319
0467 19 49  1733  1  2  0  19  3  2.83  1  1  19  30
0468 23 134  3642  3  1  0  58  9  3.68  0  1  51  111
0469 449 813  3612  10  7  0  483  33  22.51  4  0  230  364
0470 44 167  1414  0  0  0  77  8  11.81  0  0  74  123
0471 106 268  2326  2  2  0  110  20  11.52  1  0  121  162
0472 32 125  1049  1  1  0  81  11  11.92  1  0  22  93
0473 233 456  1885  7  6  0  272  33  24.19  2  0  118  223
0474 126 426  3104  9  7  0  187  32  13.72  0  0  163  300
0475 31 73  1275  0  1  0  35  3  5.73  0  0  33  42
0476 115 269  2552  4  5  0  116  16  10.54  0  0  109  154
0477 186 568  2930  22  3  0  237  31  19.39  2  0  239  382
0478 222 660  3805  11  13  0  329  34  17.35  3  0  229  438
0479 159 578  2547  15  6  0  277  24  22.69  1  0  210  419
0480 193 589  3485  18  7  0  279  14  16.90  0  0  229  396
0481 174 600  3294  12  3  0  250  36  18.21  2  1  261  426
0482 142 404  3991  4  3  0  164  24  10.12  1  0  172  262
0483 237 552  4183  10  3  0  317  17  13.20  5  0  155  315
0484 239 809  4302  22  11  0  378  36  18.81  5  0  298  570
0485 258 750  4395  18  7  1  310  43  17.06  4  0  299  492
0486 286 1003  5046  29  8  0  410  53  19.88  2  1  423  717
0487 61 107  2981  1  2  0  52  2  3.59  0  2  45  46
0488 59 129  1949  1  2  0  65  7  6.62  1  1  41  70
0489 59 137  1821  3  0  0  71  5  7.52  1  0  49  78
0490 137 257  2914  7  5  0  151  13  8.82  0  0  70  120
0491 68 235  1898  1  1  0  144  19  12.38  2  0  53  167
0492 193 407  2539  10  8  0  242  29  16.03  2  0  98  214
0493 106 266  1777  5  0  0  151  9  14.97  0  0  84  160
0494 15 30  3061  1  0  0  20  1  0.98  0  0  7  15
0495 125 335  2065  13  2  0  171  6  16.22  0  0  122  210
0496 24 110  1981  5  1  0  42  5  5.55  0  1  51  86
0497 9 11  2318  0  0  0  2  0  0.47  1  0  7  2
0498 50 151  2141  10  5  0  70  10  7.05  1  0  46  101
0499 252 544  2220  10  2  0  379  22  24.50  2  0  100  292
0500 150 509  3031  15  3  0  227  22  16.79  3  1  194  359
0501 16 53  1409  0  1  0  34  3  3.76  1  0  14  37
0502 59 249  2268  3  1  1  105  14  10.98  0  0  117  190
0503 41 70  1351  2  2  0  40  7  5.18  1  1  16  29
0504 160 533  2184  12  3  0  324  37  24.40  2  0  119  373
0505 110 313  3832  8  2  0  131  35  8.17  2  0  111  203
0506 28 124  3151  2  0  0  64  6  3.94  1  0  41  96
0507 34 42  2651  0  0  0  25  2  1.58  0  0  9  8
0508 60 125  2899  2  1  1  86  1  4.31  1  0  18  65
0509 159 410  2975  11  1  0  154  35  13.78  1  0  171  251
0510 146 390  3296  8  4  0  225  28  11.83  4  0  92  244
0511 1 1  0  0  0  0  1  0  0.00  0  0  0  0
0512 96 262  4259  4  2  0  100  13  6.15  1  2  128  166
0513 299 702  2733  16  1  0  443  23  25.69  1  1  167  403
0514 240 589  3734  12  4  0  267  35  15.77  3  0  226  349
0515 205 763  2949  13  7  0  451  33  25.87  3  1  213  558
0516 248 571  4340  11  9  0  281  30  13.16  4  2  196  323
0517 108 251  3402  17  6  2  90  10  7.38  0  0  113  143
0518 136 382  3649  10  4  0  169  18  10.47  2  0  160  246
0519 163 540  2930  9  3  1  217  46  18.43  1  0  227  377
0520 65 140  3594  1  0  0  63  13  3.90  0  0  45  75
0521 173 416  5070  11  4  1  170  27  8.21  1  0  169  243
0522 204 580  3260  22  3  0  272  39  17.79  1  0  209  376
0523 174 479  3100  20  3  0  192  35  15.45  2  0  206  305
0524 67 167  3393  2  1  0  81  5  4.92  0  1  64  100
0525 71 144  2897  1  0  0  95  10  4.97  2  0  28  73
0526 13 25  721  0  1  0  11  0  3.47  0  0  12  12
0527 2 2  555  0  0  0  0  0  0.36  0  0  1  0
0528 0 0  109  0  0  0  0  0  0.00  0  0  0  0
0529 528 900  3627  28  7  0  394  42  24.81  4  0  347  372
0530 6 10  1214  0  0  0  6  0  0.82  0  0  4  4
0531 60 156  1021  2  0  0  54  4  15.28  0  0  88  96
0532 63 154  1081  1  0  0  70  9  14.25  0  1  67  91
0533 30 72  1146  3  0  0  35  2  6.28  2  0  24  42
0534 290 515  3978  8  1  2  229  29  12.95  1  0  206  225
0535 4 9  420  0  0  0  3  0  2.14  0  0  6  5
0536 55 203  3459  5  2  0  80  28  5.87  2  0  75  148
0537 174 578  2608  7  3  1  321  29  22.16  1  0  172  404
0538 1 1  1211  0  0  0  1  0  0.08  0  0  0  0
0539 3 5  53  0  0  0  4  0  9.43  0  0  0  2
0540 92 158  1436  1  1  0  124  9  11.00  2  0  15  66
0541 33 57  3452  0  1  0  31  5  1.65  0  0  12  24
0542 7 9  3573  2  0  0  7  0  0.25  0  0  0  2
0543 12 30  1515  0  1  0  13  3  1.98  0  0  9  18
0544 0 4  336  0  0  0  2  0  1.19  0  0  2  4
0545 149 400  3504  8  1  0  182  17  11.42  1  2  167  251
0546 0 1  37  0  0  0  1  0  2.70  0  0  0  1
0547 121 304  2391  15  5  0  122  20  12.71  0  0  119  183
0548 50 160  2156  4  1  0  76  8  7.42  0  1  60  110
0549 12 39  2401  1  0  0  16  1  1.62  1  0  18  27
0550 185 427  4052  7  8  0  229  18  10.54  1  0  137  242
0551 321 1130  5539  28  10  0  538  46  20.40  4  0  425  809
0552 199 807  3373  23  10  0  344  28  23.93  2  0  355  608
0553 100 240  3881  6  4  0  88  3  6.18  2  0  124  140
0554 18 54  1788  1  0  0  29  4  3.02  0  0  10  36
0555 22 62  2104  1  1  0  30  2  2.95  2  0  19  40
0556 50 66  2623  0  0  1  44  5  2.52  0  0  14  16
0557 104 193  4043  3  0  0  122  7  4.77  0  3  46  89
0558 114 182  3657  6  2  0  102  11  4.98  0  2  47  68
0559 58 103  3053  2  2  0  45  12  3.37  0  0  32  45
0560 4 6  1180  0  0  0  3  0  0.51  0  0  3  2
0561 59 187  3124  5  1  0  76  8  5.99  1  0  83  128
0562 0 0  665  0  0  0  0  0  0.00  0  0  0  0
0563 439 706  3080  7  3  0  430  18  22.92  3  0  200  267
0564 58 118  3133  2  0  0  56  21  3.77  0  0  31  60
0565 33 41  3233  0  0  0  24  2  1.27  0  0  13  8
0566 64 105  2895  0  4  0  52  9  3.63  2  0  28  41
0567 93 110  2429  0  0  0  76  6  4.53  0  0  16  17
0568 251 539  3499  4  6  0  288  37  15.40  6  0  148  288
0569 96 258  2989  3  5  0  170  22  8.63  2  0  43  162
0570 20 73  1542  0  1  0  38  9  4.73  1  0  17  53
0571 17 35  1793  0  0  0  12  2  1.95  0  0  19  18
0572 142 262  2762  1  1  1  158  22  9.49  2  0  64  120
0573 0 0  1570  0  0  0  0  0  0.00  0  0  0  0
0574 1 3  390  0  0  0  1  0  0.77  0  0  2  2
0575 2 5  89  0  0  0  3  0  5.62  0  0  2  3
0576 1 3  2690  0  0  0  2  0  0.11  0  0  0  2
0577 32 58  572  3  0  0  23  10  10.14  0  0  17  26
0578 106 389  2301  12  5  0  171  16  16.91  0  0  156  283
0579 19 58  1681  0  0  0  32  3  3.45  0  0  20  39
0580 3 3  1128  0  0  0  2  0  0.27  0  0  1  0
0581 1 1  1077  0  0  0  1  0  0.09  0  0  0  0
0582 1 2  1622  0  0  0  1  0  0.12  0  0  1  1
0583 1 1  1283  0  0  0  1  0  0.08  0  0  0  0
0584 0 4  1022  0  0  0  3  0  0.39  0  0  1  4
0585 3 5  2212  1  0  0  1  0  0.23  0  0  2  2
0586 99 359  4375  6  4  0  153  17  8.21  2  0  153  260
0587 47 129  1684  2  1  0  52  2  7.66  2  0  57  82
0588 108 541  3255  13  5  0  257  23  16.62  5  0  207  433
0589 102 235  2859  4  1  0  98  19  8.22  0  0  102  133
0590 312 672  2148  7  8  0  372  31  31.28  1  0  208  360
0591 13 49  2271  1  0  0  21  4  2.16  1  0  19  36
0592 16 39  1101  0  1  0  15  6  3.54  0  0  12  23
0593 59 228  3604  6  1  0  99  17  6.33  0  3  87  169
0594 50 148  2157  0  1  1  80  10  6.86  0  1  45  98
0595 8 31  1572  3  0  0  11  1  1.97  0  0  14  23
0596 64 193  2765  6  1  0  59  18  6.98  0  0  97  129
0597 44 133  2401  6  0  0  55  11  5.54  0  1  47  89
0598 67 104  713  1  1  0  42  2  14.59  1  0  53  37
0599 135 289  3451  7  2  0  119  13  8.37  1  0  123  154
0600 71 173  3574  4  0  0  85  3  4.84  2  0  68  102
0601 269 774  4019  26  9  0  367  22  19.26  4  1  287  505
0602 48 205  1080  6  2  0  88  9  18.98  0  0  89  157
0603 123 386  3226  17  3  0  150  20  11.97  3  0  165  263
0604 113 359  2960  5  3  0  135  14  12.13  2  0  177  246
0605 78 130  4624  2  3  0  47  8  2.81  0  0  63  52
0606 2 2  1056  0  0  0  0  0  0.19  0  0  1  0
0607 9 10  960  0  0  0  1  0  1.04  0  0  9  1
0608 14 73  1282  5  0  0  35  1  5.69  0  0  28  59
0609 136 457  3028  7  5  0  223  28  15.09  5  1  153  321
0610 52 107  1910  3  0  0  48  7  5.60  1  0  41  55
0611 2 3  2444  0  0  0  0  0  0.12  1  0  2  1
0612 385 735  3333  13  7  1  389  30  22.05  4  0  244  350
0613 17 92  2416  2  2  0  47  1  3.81  1  2  31  75
0614 90 182  3853  5  0  0  87  4  4.72  0  0  69  92
0615 107 368  2063  10  2  0  169  18  17.84  1  1  126  261
0616 137 534  3280  20  6  0  226  12  16.28  4  0  229  397
0617 134 339  6329  14  1  0  132  16  5.36  0  0  154  205
0618 173 358  5619  7  4  0  147  12  6.37  0  0  161  185
0619 222 636  4100  13  9  0  301  44  15.51  2  0  229  414
0620 205 358  5305  5  3  0  215  22  6.75  1  1  87  153
0621 45 90  1161  1  1  0  40  10  7.75  0  0  29  45
0622 106 237  3000  4  1  0  110  8  7.90  0  1  90  131
0623 210 521  3363  12  5  0  273  19  15.49  1  0  168  311
0624 1 1  3  0  0  0  0  0  33.33  0  0  1  0
0625 123 291  1815  5  3  0  164  16  16.03  2  0  86  168
0626 130 330  2690  4  3  0  173  23  12.27  2  1  99  200
0627 74 162  2705  3  1  0  87  8  5.99  2  0  57  88
0628 13 60  1548  3  0  0  31  3  3.88  0  0  19  47
0629 1 3  550  0  0  0  1  0  0.55  0  0  2  2
0630 15 31  1482  0  0  0  13  3  2.09  1  0  12  16
0631 223 413  2639  4  2  0  217  20  15.65  5  0  137  190
0632 0 1  80  0  0  0  0  1  1.25  0  0  0  1
0633 169 549  2817  13  4  0  263  30  19.49  2  1  197  380
0634 86 311  3355  4  4  0  125  23  9.27  2  0  137  225
0635 196 414  3330  5  3  0  182  23  12.43  0  0  169  218
0636 137 544  3366  11  5  0  204  23  16.16  0  0  275  407
0637 27 44  2475  0  2  0  23  1  1.78  0  0  15  17
0638 14 25  3756  0  1  0  15  1  0.67  0  0  6  11
0639 137 407  2524  9  1  0  181  13  16.13  0  0  176  270
0640 142 422  3785  14  4  0  193  22  11.15  2  1  159  280
0641 121 405  2907  20  2  0  164  31  13.93  2  0  166  284
0642 213 636  3756  14  5  0  325  25  16.93  2  0  220  423
0643 225 482  6431  20  3  0  191  33  7.49  2  2  206  257
0644 190 538  4635  14  4  0  252  32  11.61  3  1  186  348
0645 103 333  3659  8  4  0  185  30  9.10  2  0  90  230
0646 34 84  1990  0  0  0  39  6  4.22  0  1  35  50
0647 87 120  4532  1  0  0  73  7  2.65  1  2  27  33
0648 159 510  2966  11  6  0  237  25  17.19  1  0  188  351
0649 82 189  4280  0  3  0  96  13  4.42  1  5  57  107
0650 208 634  2714  16  6  0  340  22  23.36  1  0  202  426
0651 168 554  4495  20  6  0  251  23  12.32  4  1  219  386
0652 26 59  2378  0  0  0  39  0  2.48  0  0  13  33
0653 1 1  0  0  0  0  1  0  0.00  0  0  0  0
0654 153 457  5448  5  5  0  187  30  8.39  1  1  199  304
0655 182 489  5428  7  6  0  200  29  9.01  1  0  212  307
0656 4 6  2684  0  0  0  0  0  0.22  1  0  4  2
0657 64 124  4575  3  0  0  54  10  2.71  0  0  51  60
0658 107 392  2949  5  6  0  160  20  13.29  1  0  172  285
0659 199 618  4275  4  2  0  281  33  14.46  3  0  268  419
0660 19 49  4534  1  1  0  25  4  1.08  0  0  16  30
0661 126 365  3622  8  4  0  170  24  10.08  2  1  141  239
0662 391 944  4721  11  4  0  441  41  20.00  6  2  387  553
0663 86 274  3273  7  1  0  131  24  8.37  1  4  91  188
0664 24 51  2968  0  1  0  22  2  1.72  0  0  25  27
0665 124 279  2029  2  4  0  109  18  13.75  1  0  132  155
0666 0 0  0  0  0  0  0  0  0.00  0  0  0  0
0667 136 502  2189  14  6  1  257  16  22.93  3  0  179  366
0668 49 184  2045  6  0  0  72  14  9.00  0  0  86  135
0669 194 491  3171  9  4  0  272  18  15.48  4  0  147  297
0670 373 736  3023  4  9  1  393  25  24.35  5  0  254  363
0671 74 308  2831  6  3  0  138  24  10.88  3  1  109  234
0672 116 427  2975  11  5  0  180  17  14.35  0  0  195  311
0673 217 524  3114  5  2  0  201  22  16.83  1  0  268  307
0674 238 606  3953  4  5  0  280  22  15.33  1  0  255  368
0675 0 0  0  0  0  0  0  0  0.00  0  0  0  0
0676 1 1  0  0  0  0  0  0  0.00  0  0  1  0
0677 11 35  967  1  1  0  15  0  3.62  0  0  17  24
0678 50 111  736  0  1  0  66  7  15.08  0  0  28  61
0679 217 523  3279  5  7  0  217  29  15.95  1  0  245  306
0680 5 7  146  0  0  0  5  0  4.79  0  0  2  2
0681 0 0  6  0  0  0  0  0  0.00  0  0  0  0
0682 178 496  4124  11  5  0  180  34  12.03  2  0  237  318
0683 0 4  275  0  0  0  2  0  1.45  0  0  2  4
0684 2 4  90  0  0  0  1  1  4.44  1  0  0  2
0685 40 47  306  1  1  0  27  5  15.36  0  0  7  7
0686 2 8  191  0  0  0  4  0  4.19  0  0  4  6
0687 110 300  2390  11  3  0  141  15  12.55  1  1  117  190
0688 221 526  2850  13  1  0  257  24  18.46  4  0  179  305
0689 46 98  2151  3  0  0  45  2  4.56  0  0  41  52
0690 163 574  3582  13  3  0  269  18  16.02  1  0  245  411
0691 0 0  29  0  0  0  0  0  0.00  0  0  0  0
0692 83 298  2694  3  2  0  171  19  11.06  0  0  84  215
0693 13 29  674  0  0  0  15  0  4.30  0  0  11  16
0694 87 146  768  2  2  0  80  12  19.01  1  0  45  59
0695 49 106  1756  1  0  0  43  9  6.04  0  0  50  57
0696 76 192  2479  3  1  0  89  20  7.75  0  0  75  116
0697 49 154  5069  2  0  0  76  12  3.04  0  1  52  105
0698 23 33  2778  1  0  0  16  3  1.19  0  0  11  10
0699 136 345  2199  0  2  0  179  17  15.69  0  1  126  209
0700 61 189  1547  2  0  0  95  4  12.22  0  0  81  128
0701 17 36  550  1  0  0  14  1  6.55  0  0  14  19
0702 3 6  576  0  1  0  4  0  1.04  0  0  1  3
0703 115 410  1933  5  7  0  203  30  21.21  5  1  126  295
0704 147 354  2401  2  3  0  148  22  14.74  0  0  170  207
0705 16 24  1403  0  0  0  11  2  1.71  0  0  9  8
0706 33 79  526  0  2  0  48  1  15.02  1  0  21  46
0707 26 87  735  4  1  0  39  5  11.84  0  0  28  61
0708 11 31  612  1  1  0  17  2  5.07  0  0  10  20
0709 202 577  4413  24  7  0  268  19  13.08  1  2  220  375
0710 50 173  1812  4  2  0  91  15  9.55  0  0  50  123
0711 156 394  2940  7  3  0  224  24  13.40  1  1  115  238
0712 71 175  2292  3  3  0  76  8  7.64  0  0  75  104
0713 51 150  1703  2  2  0  53  14  8.81  0  0  69  99
0714 13 23  320  0  1  0  16  1  7.19  0  0  5  10
0715 23 76  1326  2  1  0  29  7  5.73  0  0  36  53
0716 122 253  2703  6  1  0  112  13  9.36  0  0  111  131
0717 7 18  2035  0  0  0  7  2  0.88  0  0  8  11
0718 285 623  3815  5  6  0  375  23  16.33  4  1  179  338
0719 48 122  1731  1  0  0  57  5  7.05  1  0  51  74
0720 160 519  3146  5  5  0  230  35  16.50  2  0  220  359
0721 249 529  2811  7  9  0  278  34  18.82  0  0  170  280
0722 21 27  4014  0  1  0  19  0  0.67  0  0  5  6
0723 23 82  1748  5  1  0  35  4  4.69  0  1  32  59
0724 60 148  679  3  4  0  83  6  21.80  0  1  41  88
0725 105 196  2274  5  1  1  80  10  8.62  1  0  89  91
0726 229 488  2234  15  5  0  175  35  21.84  2  0  219  259
0727 51 100  2107  1  0  0  50  4  4.75  0  0  36  49
0728 62 120  952  3  0  0  65  6  12.61  1  0  38  58
0729 15 46  473  0  0  0  20  4  9.73  0  0  19  31
0730 102 309  1533  3  3  0  188  13  20.16  1  0  76  207
0731 12 18  394  0  0  0  12  2  4.57  0  0  4  6
0732 124 304  1973  3  6  0  140  32  15.41  3  0  104  180
0733 3 8  210  0  0  0  4  0  3.81  0  0  4  5
0734 355 668  4081  24  8  0  278  28  16.37  5  0  282  313
0735 2 5  25  0  0  0  3  0  20.00  0  0  1  3
0736 0 0  25  0  0  0  0  0  0.00  0  0  0  0
0737 4 7  53  0  0  0  3  0  13.21  0  0  4  3
0738 9 21  976  0  0  0  8  0  2.15  0  0  12  12
0739 70 164  3011  0  1  0  76  9  5.45  0  0  69  94
0740 20 62  875  0  0  0  23  3  7.09  0  0  35  42
0741 0 0  0  0  0  0  0  0  0.00  0  0  0  0
0742 0 0  0  0  0  0  0  0  0.00  0  0  0  0
0743 1 7  236  0  0  0  3  0  2.97  0  0  3  6
0744 123 311  2076  1  4  0  149  28  14.98  2  1  104  188
0745 235 449  2506  6  5  0  219  32  17.92  2  1  150  214
0746 33 57  718  0  2  0  27  4  7.94  0  0  21  24
0747 48 153  3041  3  0  0  57  16  5.03  0  0  72  105
0748 35 77  1388  1  1  0  34  6  5.55  0  0  33  42
0749 5 10  411  0  0  0  8  1  2.43  0  0  0  5
0750 43 82  1280  0  0  0  37  3  6.41  1  0  38  39
0751 140 445  3195  16  9  0  204  26  13.93  1  0  166  305
0752 120 247  1558  0  2  0  103  17  15.85  0  0  113  127
0753 15 46  260  1  0  0  26  0  17.69  0  0  16  31
0754 1 1  0  0  0  0  1  0  0.00  0  0  0  0
0755 38 156  2803  3  1  0  65  14  5.57  0  1  61  118
0756 49 76  2181  3  0  0  23  4  3.48  0  0  41  27
0757 53 82  3670  1  2  1  45  5  2.23  0  0  26  29
0758 255 588  3109  9  4  0  304  26  18.91  6  0  197  333
0759 75 221  2334  4  2  0  103  11  9.47  0  0  87  146
0760 427 869  3717  12  6  0  512  20  23.38  6  0  252  442
0761 120 252  1390  3  2  0  154  10  18.13  1  0  65  132
0762 0 0  0  0  0  0  0  0  0.00  0  0  0  0
0763 22 44  1204  0  0  0  20  3  3.65  0  0  19  22
0764 298 773  6419  6  5  0  308  37  12.04  1  0  371  475
0765 90 197  3416  7  3  0  110  14  5.77  2  1  47  107
0766 4 9  432  0  0  0  3  2  2.08  0  0  2  5
0767 3 8  105  0  0  0  1  0  7.62  0  0  7  5
0768 255 822  4259  20  10  0  409  31  19.30  3  0  294  567
0769 2 2  53  0  0  0  2  0  3.77  0  0  0  0
0770 5 8  213  0  1  0  5  0  3.76  0  0  2  3
0771 71 184  2451  6  4  0  81  18  7.51  0  0  63  113
0772 382 967  5672  26  10  0  507  39  17.05  2  1  322  585
0773 36 65  2189  0  0  0  42  0  2.97  0  2  17  29
0774 0 0  114  0  0  0  0  0  0.00  0  0  0  0
0775 0 0  85  0  0  0  0  0  0.00  0  0  0  0
0776 118 353  3361  5  3  0  143  12  10.50  2  0  170  235
0777 8 18  764  0  0  0  8  1  2.36  1  0  6  10
0778 0 0  0  0  0  0  0  0  0.00  0  0  0  0
0779 17 33  1158  0  0  0  17  2  2.85  0  0  14  16
0780 13 28  599  2  1  0  8  2  4.67  0  0  12  15
0781 159 268  3635  6  5  1  151  13  7.37  1  3  67  109
0782 80 223  2257  2  5  0  97  17  9.88  1  1  80  143
0783 7 16  292  0  0  0  9  0  5.48  0  0  5  9
0784 2 2  1051  0  0  0  0  0  0.19  0  0  2  0
0785 9 24  286  1  1  0  11  3  8.39  0  0  7  15
0786 13 44  1421  2  1  0  11  6  3.10  0  0  20  31
0787 8 13  523  0  0  0  6  2  2.49  0  0  4  5
0788 11 23  581  0  0  0  15  3  3.96  0  0  4  12
0789 0 0  4  0  0  0  0  0  0.00  0  0  0  0
0790 0 0  8  0  0  0  0  0  0.00  0  0  0  0
0791 0 0  0  0  0  0  0  0  0.00  0  0  0  0
0792 10 60  1843  2  0  0  30  7  3.26  0  0  19  50
0793 183 312  2597  0  1  0  143  16  12.01  1  1  127  129
0794 9 21  2345  0  0  0  7  4  0.90  0  0  10  12
0795 17 39  1404  0  1  0  24  4  2.78  0  0  9  22
0796 16 39  494  0  0  0  17  1  7.89  0  0  20  23
0797 0 0  0  0  0  0  0  0  0.00  0  0  0  0
0798 9 45  488  0  2  0  25  5  9.22  0  0  12  36
0799 0 2  138  0  0  0  0  0  1.45  0  0  2  2
0800 115 480  2831  20  4  0  206  28  16.96  1  0  193  365
0801 20 32  755  0  1  0  19  2  4.24  0  0  9  12
0802 10 25  332  0  0  0  12  5  7.53  0  0  7  15
0803 130 434  2359  14  1  0  205  12  18.40  1  0  171  304
0804 188 435  3523  15  3  0  181  21  12.35  1  1  183  247
0805 208 616  2882  16  2  0  310  26  21.37  5  0  221  408
0806 0 0  0  0  0  0  0  0  0.00  0  0  0  0
0807 14 38  1899  1  1  0  16  8  2.00  1  0  10  24
0808 0 3  28  0  0  0  2  1  10.71  0  0  0  3
0809 2 4  104  0  0  0  1  0  3.85  0  0  3  2
0810 0 0  228  0  0  0  0  0  0.00  0  0  0  0
0811 1 2  285  0  0  0  2  0  0.70  0  0  0  1
0812 0 0  1  0  0  0  0  0  0.00  0  0  0  0
0813 160 346  4448  11  3  0  136  28  7.78  0  1  146  186
0814 69 177  3585  3  1  0  83  20  4.94  0  0  58  108
0815 0 0  0  0  0  0  0  0  0.00  0  0  0  0
0816 0 0  92  0  0  0  0  0  0.00  0  0  0  0
0817 0 0  0  0  0  0  0  0  0.00  0  0  0  0
0818 2 2  376  0  0  0  0  0  0.53  0  0  1  0
0819 15 32  231  1  0  0  24  0  13.85  0  0  5  17
0820 1 1  0  0  0  0  0  0  0.00  0  0  1  0
0821 10 16  1172  1  0  0  5  0  1.37  0  0  9  6
0822 0 3  1638  0  0  0  2  1  0.18  0  0  0  3
0823 85 358  3688  14  5  0  172  14  9.71  1  0  128  273
0824 49 115  2767  2  2  0  64  6  4.16  0  0  34  66
0825 0 0  0  0  0  0  0  0  0.00  0  0  0  0
0826 10 38  356  1  0  0  23  0  10.67  0  0  11  28
0827 7 26  1029  2  0  0  13  0  2.53  0  0  9  19
0828 110 328  1831  12  3  0  167  8  17.91  2  1  112  218
0829 9 12  232  0  0  0  5  3  5.17  0  0  2  3
0830 0 0  4  0  0  0  0  0  0.00  0  0  0  0
0831 0 0  0  0  0  0  0  0  0.00  0  0  0  0
0832 4 11  364  0  0  0  5  0  3.02  0  0  6  7
0833 1 1  18  0  0  0  0  0  5.56  0  0  1  0
0834 0 0  0  0  0  0  0  0  0.00  0  0  0  0
0835 5 8  303  0  0  0  4  0  2.64  0  0  4  3
0836 1 1  19  0  0  0  1  0  5.26  0  0  0  0
0837 0 1  0  0  0  0  1  0  0.00  0  0  0  1
0838 1 1  0  0  0  0  0  1  0.00  0  0  0  0
0839 13 30  1041  2  1  0  7  5  2.88  0  0  13  17
0840 52 76  1642  1  1  0  40  2  4.63  0  1  26  24
0841 1 1  0  0  0  0  0  1  0.00  0  0  0  0
0842 78 184  3033  1  0  0  74  14  6.07  0  1  87  106
0843 0 0  0  0  0  0  0  0  0.00  0  0  0  0
0844 0 0  11  0  0  0  0  0  0.00  0  0  0  0
0845 1 1  17  0  0  0  1  0  5.88  0  0  0  0
0846 0 0  365  0  0  0  0  0  0.00  0  0  0  0
0847 33 57  1170  0  0  0  21  7  4.87  0  0  22  24
0848 45 156  1990  2  0  0  83  3  7.84  2  1  48  111
0849 51 139  3193  0  2  0  61  12  4.35  1  0  46  88
0850 6 9  172  0  0  0  6  0  5.23  0  0  3  3
0851 153 410  3493  12  4  0  140  22  11.74  1  0  199  257
0852 1 1  16  0  0  0  0  0  6.25  0  0  1  0
0853 150 422  2709  10  7  0  199  18  15.58  2  0  154  272
0854 2 2  179  0  0  0  0  1  1.12  0  0  1  0
0855 1 1  18  0  0  0  1  0  5.56  0  0  0  0
0856 0 0  0  0  0  0  0  0  0.00  0  0  0  0
0857 0 0  1  0  0  0  0  0  0.00  0  0  0  0
0858 1 1  413  0  0  0  0  0  0.24  0  0  1  0
0859 7 33  787  1  0  0  13  1  4.19  0  0  16  26
0860 0 0  0  0  0  0  0  0  0.00  0  0  0  0
0861 11 43  1769  1  0  0  21  2  2.43  0  0  14  32
0862 0 0  0  0  0  0  0  0  0.00  0  0  0  0
0863 0 0  669  0  0  0  0  0  0.00  0  0  0  0
0864 18 64  2452  1  0  0  29  4  2.61  0  1  28  46
0865 0 0  19  0  0  0  0  0  0.00  0  0  0  0
0866 0 0  0  0  0  0  0  0  0.00  0  0  0  0
0867 0 0  0  0  0  0  0  0  0.00  0  0  0  0
0868 33 79  2244  1  0  0  40  0  3.52  1  0  31  46
0869 3 7  535  0  0  0  5  0  1.31  0  0  1  4
0870 0 0  0  0  0  0  0  0  0.00  0  0  0  0
0871 0 0  2  0  0  0  0  0  0.00  0  0  0  0
0872 1 3  127  0  0  0  1  0  2.36  0  0  2  2
0873 3 9  682  3  0  0  4  0  1.32  0  0  2  6
0874 195 612  3146  14  6  0  305  23  19.45  2  0  219  417