0001 51 97  1887  5.14  1  4  3  94  46
0002 40 99  1725  5.74  0  2  1  98  59
0003 72 177  2090  8.47  0  9  2  176  105
0004 34 117  1606  7.29  1  1  1  116  83
0005 20 113  1355  8.34  0  6  3  113  93
0006 97 364  3517  10.35  9  5  1  361  267
0007 3 4  1067  0.37  1  0  0  4  1
0008 87 203  1746  11.63  2  5  7  203  116
0009 15 27  1554  1.74  0  1  0  26  12
0010 21 38  1718  2.21  0  0  1  37  17
0011 7 13  1716  0.76  1  0  0  13  6
0012 27 36  829  4.34  0  4  0  36  9
0013 154 387  3237  11.96  1  10  2  382  233
0014 107 298  1909  15.61  3  8  8  296  191
0015 87 416  2760  15.07  2  11  9  412  329
0016 35 77  1570  4.90  0  2  1  76  42
0017 98 260  2544  10.22  4  6  7  256  162
0018 60 173  1286  13.45  0  1  3  170  113
0019 15 37  1215  3.05  0  0  2  37  22
0020 20 62  2328  2.66  1  0  1  62  42
0021 6 22  910  2.42  0  1  0  22  16
0022 50 76  2548  2.98  0  3  1  76  26
0023 3 5  532  0.94  0  1  0  4  2
0024 1 2  592  0.34  0  0  0  2  1
0025 3 6  1110  0.54  0  0  0  6  3
0026 22 70  1805  3.88  0  1  1  69  48
0027 45 95  2912  3.26  0  2  2  93  50
0028 149 295  2558  11.53  1  5  5  292  146
0029 23 59  2691  2.19  0  0  1  58  36
0030 17 43  1529  2.81  0  1  0  43  26
0031 9 9  2339  0.38  0  0  1  9  0
0032 36 117  1916  6.11  2  3  0  117  81
0033 62 146  2823  5.17  0  3  2  146  84
0034 33 78  2438  3.20  0  3  2  77  45
0035 0 0  11  0.00  0  0  0  0  0
0036 67 116  2839  4.09  0  0  4  114  49
0037 35 89  1751  5.08  1  3  1  88  54
0038 63 151  2558  5.90  2  2  2  150  88
0039 28 120  2472  4.85  3  1  3  120  92
0040 77 206  2628  7.84  1  3  3  203  129
0041 53 123  2205  5.58  1  6  3  122  70
0042 0 0  1129  0.00  0  0  0  0  0
0043 70 179  1643  10.89  2  4  3  173  109
0044 12 24  1958  1.23  0  1  1  21  12
0045 46 95  4698  2.02  0  1  3  94  49
0046 9 14  2474  0.57  0  0  1  13  5
0047 2 2  1731  0.12  0  0  0  1  0
0048 3 5  921  0.54  0  2  0  5  2
0049 134 350  2772  12.63  3  12  8  347  216
0050 118 402  3645  11.03  0  20  13  394  284
0051 93 192  1649  11.64  2  2  2  190  99
0052 30 105  1754  5.99  1  5  1  104  75
0053 29 138  2506  5.51  0  3  4  138  109
0054 108 368  3105  11.85  1  5  6  362  260
0055 9 21  867  2.42  0  0  0  20  12
0056 80 241  1281  18.81  1  6  10  240  161
0057 57 156  2871  5.43  3  3  1  154  99
0058 44 113  2062  5.48  0  5  1  110  69
0059 44 159  2098  7.58  1  6  2  157  115
0060 30 98  2167  4.52  0  1  2  96  68
0061 25 49  2383  2.06  1  0  2  49  24
0062 11 58  2211  2.62  0  3  4  56  47
0063 66 238  1847  12.89  0  3  5  237  172
0064 14 24  2132  1.13  0  0  0  23  10
0065 12 34  2228  1.53  0  2  0  33  22
0066 5 27  1170  2.31  0  0  1  27  22
0067 32 80  2566  3.12  1  1  0  78  48
0068 2 3  2450  0.12  0  0  0  3  1
0069 1 8  1352  0.59  0  0  0  8  7
0070 138 358  2768  12.93  0  13  4  353  220
0071 44 179  2551  7.02  2  4  4  177  135
0072 7 44  1754  2.51  0  4  0  43  37
0073 32 172  1407  12.22  1  4  3  170  140
0074 460 841  3639  23.11  4  24  24  833  381
0075 16 54  1246  4.33  0  1  1  54  38
0076 93 305  2455  12.42  0  7  10  294  212
0077 3 11  601  1.83  0  0  1  11  8
0078 15 30  1475  2.03  2  2  0  30  15
0079 12 22  3057  0.72  0  1  1  22  10
0080 78 144  3681  3.91  0  2  3  144  66
0081 31 69  1904  3.62  0  0  1  68  38
0082 147 472  3205  14.73  4  23  12  469  325
0083 144 319  4140  7.71  0  6  8  318  175
0084 50 129  1447  8.91  0  2  2  129  79
0085 2 2  1879  0.11  0  0  0  2  0
0086 38 112  1955  5.73  0  3  1  110  74
0087 133 370  2741  13.50  1  9  7  368  237
0088 32 73  733  9.96  1  2  1  73  41
0089 36 171  1066  16.04  1  2  4  169  135
0090 241 672  3466  19.39  6  28  13  662  431
0091 39 129  1133  11.39  0  5  6  129  90
0092 237 491  2290  21.44  2  23  11  488  254
0093 51 101  3476  2.91  0  3  0  98  50
0094 7 16  538  2.97  0  0  1  16  9
0095 258 660  2938  22.46  3  22  7  650  402
0096 8 13  1097  1.19  0  1  0  13  5
0097 148 491  3975  12.35  3  16  7  482  343
0098 99 264  2265  11.66  1  7  7  262  165
0099 52 92  2103  4.37  1  2  4  92  40
0100 39 60  1800  3.33  2  3  0  60  21
0101 8 21  946  2.22  1  1  0  21  13
0102 19 35  2052  1.71  0  0  2  35  16
0103 94 239  3556  6.72  2  3  1  236  145
0104 1 1  1889  0.05  0  0  1  1  0
0105 27 49  2357  2.08  0  0  1  48  22
0106 9 19  311  6.11  0  1  0  18  10
0107 4 13  1751  0.74  0  1  0  13  9
0108 249 407  4073  9.99  2  8  6  398  158
0109 0 1  2825  0.04  0  0  0  1  1
0110 163 541  3482  15.54  5  13  10  538  378
0111 176 597  2940  20.31  12  22  9  594  421
0112 101 319  2745  11.62  1  20  8  318  218
0113 142 436  2563  17.01  0  9  8  433  294
0114 175 457  2537  18.01  1  9  6  453  282
0115 8 9  1672  0.54  0  1  0  9  1
0116 198 627  2672  23.47  4  12  12  621  429
0117 34 109  2031  5.37  0  2  3  108  75
0118 233 538  2059  26.13  3  16  7  536  305
0119 241 733  4275  17.15  9  11  11  726  492
0120 184 406  2933  13.84  2  16  11  402  222
0121 18 89  599  14.86  0  2  1  89  71
0122 5 5  2263  0.22  0  0  0  4  0
0123 9 54  1267  4.26  1  1  2  54  45
0124 298 877  3859  22.73  4  24  18  870  579
0125 74 214  2314  9.25  0  8  2  213  140
0126 234 521  2415  21.57  7  8  13  517  287
0127 161 243  1526  15.92  1  7  7  240  82
0128 94 365  2187  16.69  5  8  5  363  271
0129 262 805  5107  15.76  4  28  20  799  543
0130 267 619  2302  26.89  2  20  14  610  352
0131 11 54  1437  3.76  1  1  0  53  43
0132 5 7  2511  0.28  2  0  0  7  2
0133 75 365  2494  14.64  3  4  10  363  290
0134 45 144  1506  9.56  1  4  1  143  99
0135 178 524  2889  18.14  0  18  8  522  346
0136 6 8  2186  0.37  0  1  0  8  2
0137 20 57  744  7.66  0  1  0  57  37
0138 4 4  1826  0.22  0  0  0  4  0
0139 69 173  2152  8.04  0  5  1  172  104
0140 43 75  2721  2.76  3  1  2  75  32
0141 15 40  1028  3.89  0  1  0  40  25
0142 4 19  836  2.27  1  0  0  19  15
0143 223 341  2004  17.02  2  7  7  339  118
0144 2 2  1212  0.17  0  0  0  2  0
0145 2 2  1508  0.13  0  0  0  2  0
0146 78 254  1897  13.39  1  2  3  250  176
0147 23 83  2699  3.08  0  2  4  83  60
0148 58 256  2413  10.61  2  11  2  255  198
0149 157 378  4692  8.06  6  10  6  376  221
0150 0 0  1092  0.00  0  0  0  0  0
0151 2 3  848  0.35  0  0  0  2  1
0152 22 49  2721  1.80  0  0  1  49  27
0153 7 30  1770  1.69  0  2  0  30  23
0154 17 49  2089  2.35  0  1  1  47  32
0155 340 692  4944  14.00  5  18  13  688  352
0156 4 5  3337  0.15  0  0  0  5  1
0157 3 5  2404  0.21  0  0  0  5  2
0158 4 6  2662  0.23  0  0  1  6  2
0159 6 7  896  0.78  0  0  1  7  1
0160 0 3  724  0.41  0  0  0  3  3
0161 1 1  1137  0.09  0  0  0  1  0
0162 9 21  1326  1.58  2  0  0  21  12
0163 48 118  2936  4.02  3  2  2  108  70
0164 0 1  1535  0.07  0  0  0  1  1
0165 165 381  2347  16.23  3  9  8  379  216
0166 5 24  918  2.61  0  0  1  24  19
0167 0 0  22  0.00  0  0  0  0  0
0168 1 1  544  0.18  0  0  0  1  0
0169 2 2  2600  0.08  0  0  1  2  0
0170 44 126  1933  6.52  0  1  2  124  82
0171 3 3  1550  0.19  0  0  0  3  0
0172 7 36  575  6.26  0  0  1  36  29
0173 175 505  2346  21.53  1  14  15  503  330
0174 238 594  3004  19.77  2  27  18  588  356
0175 109 332  2303  14.42  1  5  3  330  223
0176 83 249  1532  16.25  3  10  5  247  166
0177 55 182  1282  14.20  0  2  5  180  127
0178 90 313  1751  17.88  1  6  4  311  223
0179 43 88  1584  5.56  1  4  1  88  45
0180 6 9  2774  0.32  0  0  0  9  3
0181 22 54  1964  2.75  0  2  3  53  32
0182 106 415  3089  13.43  5  10  6  413  309
0183 90 350  2336  14.98  0  7  2  347  260
0184 11 51  945  5.40  0  0  0  48  40
0185 36 151  2056  7.34  2  6  2  149  115
0186 1 1  783  0.13  0  0  0  1  0
0187 3 6  331  1.81  0  0  0  6  3
0188 30 86  1696  5.07  0  1  3  85  56
0189 42 152  1641  9.26  0  1  6  150  110
0190 19 47  1911  2.46  1  2  0  47  28
0191 23 51  1512  3.37  0  1  0  50  28
0192 0 2  2229  0.09  0  0  0  2  2
0193 0 1  1034  0.10  0  0  0  1  1
0194 15 44  1475  2.98  0  0  0  44  29
0195 4 6  1977  0.30  0  0  0  6  2
0196 1 1  367  0.27  0  0  0  1  0
0197 3 6  3168  0.19  0  0  0  6  3
0198 0 0  700  0.00  0  0  0  0  0
0199 321 702  3025  23.21  4  23  21  689  381
0200 105 251  3218  7.80  3  7  4  250  146
0201 0 0  742  0.00  0  0  0  0  0
0202 3 4  1468  0.27  0  0  0  3  1
0203 7 14  915  1.53  0  0  1  14  7
0204 153 385  3210  11.99  4  9  5  381  232
0205 3 3  1570  0.19  0  0  0  3  0
0206 33 81  2451  3.30  1  2  0  80  48
0207 20 56  1146  4.89  1  0  0  56  36
0208 37 75  2325  3.23  0  1  3  73  38
0209 0 0  0  0.00  0  0  0  0  0
0210 5 15  2106  0.71  0  0  0  15  10
0211 43 117  2690  4.35  1  2  1  115  74
0212 4 15  1817  0.83  0  0  0  15  11
0213 225 779  3179  24.50  1  21  12  772  554
0214 62 260  1702  15.28  0  4  4  259  198
0215 98 332  2062  16.10  2  6  4  327  234
0216 11 17  2037  0.83  0  0  0  17  6
0217 179 521  2565  20.31  0  13  6  512  342
0218 55 78  2275  3.43  0  3  2  78  23
0219 4 6  2491  0.24  0  1  1  6  2
0220 68 192  2619  7.33  2  4  1  191  124
0221 79 150  2582  5.81  0  0  1  149  71
0222 72 294  2342  12.55  1  8  1  291  222
0223 63 104  3345  3.11  0  1  2  104  41
0224 121 286  2701  10.59  1  5  3  286  165
0225 101 237  2969  7.98  2  10  5  235  136
0226 29 58  2408  2.41  0  1  0  58  29
0227 130 345  1806  19.10  4  10  1  341  215
0228 4 4  1035  0.39  0  0  1  4  0
0229 5 14  874  1.60  0  0  1  14  9
0230 0 3  1200  0.25  0  0  0  3  3
0231 22 74  2230  3.32  0  3  1  72  52
0232 59 220  1656  13.29  0  5  2  214  161
0233 159 366  3704  9.88  2  9  3  363  207
0234 295 847  3576  23.69  1  25  7  841  552
0235 0 1  1302  0.08  0  0  1  1  1
0236 3 5  2201  0.23  0  0  0  5  2
0237 1 3  2201  0.14  0  0  0  3  2
0238 2 2  1991  0.10  0  0  0  2  0
0239 7 8  2035  0.39  0  0  0  7  1
0240 2 3  2558  0.12  0  0  0  3  1
0241 32 56  2585  2.17  0  3  2  56  24
0242 53 101  1879  5.38  0  0  0  101  48
0243 1 1  436  0.23  0  0  0  1  0
0244 87 213  2709  7.86  1  11  2  213  126
0245 160 444  3956  11.22  7  21  8  439  284
0246 105 359  2254  15.93  7  13  3  358  254
0247 2 2  1678  0.12  0  0  0  2  0
0248 14 25  2143  1.17  0  0  1  23  11
0249 148 275  2775  9.91  2  4  3  272  127
0250 3 7  1063  0.66  0  0  0  7  4
0251 3 6  2026  0.30  0  0  1  6  3
0252 2 5  2521  0.20  0  0  0  5  3
0253 4 5  2325  0.22  0  0  0  4  1
0254 12 23  1518  1.52  0  0  0  22  11
0255 95 270  2283  11.83  2  5  6  266  175
0256 162 301  3491  8.62  1  4  6  298  139
0257 20 54  2235  2.42  0  1  1  54  34
0258 265 789  3290  23.98  5  22  17  779  524
0259 1 3  2628  0.11  0  1  0  3  2
0260 25 67  840  7.98  3  2  0  66  42
0261 13 26  728  3.57  0  0  0  26  13
0262 195 448  4091  10.95  0  9  2  444  253
0263 300 884  4712  18.76  9  38  16  881  584
0264 133 379  3083  12.29  6  11  7  376  246
0265 366 827  3482  23.75  1  29  9  822  461
0266 48 162  2288  7.08  0  2  3  159  114
0267 36 76  1525  4.98  2  0  1  76  40
0268 82 310  2230  13.90  2  6  9  308  228
0269 202 516  1947  26.50  3  15  7  512  314
0270 149 420  3428  12.25  2  2  10  414  271
0271 2 4  2419  0.17  0  0  0  3  2
0272 36 132  2069  6.38  0  7  2  130  96
0273 134 580  2435  23.82  1  10  11  575  446
0274 173 423  2769  15.28  0  12  6  418  250
0275 27 62  1632  3.80  0  3  0  62  35
0276 2 2  2651  0.08  1  0  0  2  0
0277 34 67  1526  4.39  0  0  1  67  33
0278 144 314  2531  12.41  3  8  8  313  170
0279 62 147  1923  7.64  2  3  0  147  85
0280 26 78  1669  4.67  1  3  1  78  52
0281 143 400  2605  15.36  1  10  11  388  257
0282 76 332  1975  16.81  2  7  7  330  256
0283 1 1  0  0.00  0  1  0  1  0
0284 209 338  3569  9.47  0  15  6  333  129
0285 19 26  2462  1.06  1  0  3  26  7
0286 28 78  4867  1.60  0  2  4  74  50
0287 118 309  2636  11.72  5  16  4  306  191
0288 5 6  2332  0.26  0  0  0  6  1
0289 38 125  1524  8.20  1  3  1  118  87
0290 73 215  1570  13.69  1  5  7  212  142
0291 82 163  1253  13.01  4  6  3  162  81
0292 11 19  1298  1.46  0  1  1  19  8
0293 86 206  1718  11.99  2  4  3  202  120
0294 3 5  2332  0.21  0  0  0  4  2
0295 0 0  879  0.00  0  0  0  0  0
0296 96 212  1696  12.50  2  4  6  209  116
0297 101 159  2105  7.55  1  5  3  157  58
0298 98 273  2218  12.31  1  7  5  273  175
0299 16 32  1123  2.85  1  0  0  32  16
0300 302 812  4250  19.11  12  24  24  806  510
0301 34 92  2567  3.58  0  2  1  91  58
0302 76 170  2754  6.17  0  4  4  170  94
0303 316 817  3105  26.31  3  29  13  808  501
0304 179 358  2269  15.78  2  6  8  357  179
0305 124 254  4417  5.75  2  7  4  249  130
0306 200 383  1827  20.96  4  12  6  383  183
0307 295 662  3000  22.07  7  32  9  654  367
0308 27 70  1271  5.51  0  0  0  69  43
0309 272 654  2528  25.87  1  21  13  649  382
0310 113 293  1547  18.94  6  6  9  289  180
0311 163 374  3147  11.88  5  6  9  368  211
0312 262 513  3782  13.56  2  20  3  504  251
0313 1 3  45  6.67  0  0  0  3  2
0314 173 506  4045  12.51  6  11  13  503  333
0315 152 359  1738  20.66  8  4  11  349  207
0316 120 221  1576  14.02  0  5  6  217  101
0317 43 99  1526  6.49  4  2  2  99  56
0318 5 8  3186  0.25  1  0  1  8  3
0319 14 14  2105  0.67  0  1  0  14  0
0320 25 88  1558  5.65  2  0  0  88  63
0321 32 73  2166  3.37  0  0  0  72  41
0322 28 56  1786  3.14  1  2  0  56  28
0323 56 121  1879  6.44  1  5  0  119  65
0324 143 456  2255  20.22  1  12  4  451  313
0325 39 51  2105  2.42  0  0  2  51  12
0326 14 35  683  5.12  0  0  1  35  21
0327 0 1  1839  0.05  0  0  0  1  1
0328 42 76  1520  5.00  0  3  2  76  34
0329 22 47  1412  3.33  0  0  1  46  25
0330 80 145  2016  7.19  1  6  5  144  65
0331 0 0  0  0.00  0  0  0  0  0
0332 5 7  129  5.43  0  0  0  6  2
0333 110 453  3116  14.54  3  11  10  448  343
0334 9 13  430  3.02  0  0  0  13  4
0335 11 27  1162  2.32  1  4  0  27  16
0336 8 17  1514  1.12  0  1  0  16  9
0337 7 14  752  1.86  0  0  0  14  7
0338 113 194  4225  4.59  1  3  9  191  81
0339 12 16  1688  0.95  1  0  0  16  4
0340 329 691  3581  19.30  3  16  12  686  362
0341 4 17  1154  1.47  0  0  0  17  13
0342 31 44  3457  1.27  0  1  1  43  13
0343 19 35  1857  1.88  0  0  1  34  16
0344 5 6  1238  0.48  0  0  1  6  1
0345 23 42  1727  2.43  0  1  0  41  19
0346 0 1  2  50.00  0  0  0  1  1
0347 166 365  3229  11.30  2  4  3  364  199
0348 193 337  1881  17.92  1  11  8  336  144
0349 32 95  1361  6.98  0  5  3  95  63
0350 99 246  2714  9.06  0  7  8  243  147
0351 382 918  4558  20.14  7  31  20  910  536
0352 118 269  3261  8.25  2  4  6  266  151
0353 34 86  3549  2.42  1  4  6  86  52
0354 76 151  3029  4.99  2  1  3  151  75
0355 4 7  933  0.75  0  0  0  7  3
0356 217 482  2866  16.82  4  9  7  476  265
0357 288 531  3351  15.85  3  11  14  531  243
0358 14 36  3413  1.05  0  0  0  36  22
0359 17 29  3397  0.85  0  0  0  27  12
0360 97 243  2155  11.28  0  6  3  243  146
0361 24 24  1483  1.62  0  0  0  24  0
0362 238 598  5224  11.45  3  21  10  594  360
0363 91 168  3078  5.46  0  5  4  166  77
0364 88 239  2542  9.40  2  8  4  239  151
0365 9 22  1319  1.67  0  0  1  22  13
0366 14 32  1608  1.99  0  1  1  32  18
0367 11 15  932  1.61  0  1  0  15  4
0368 16 25  826  3.03  1  0  1  25  9
0369 1 6  402  1.49  0  0  0  5  5
0370 334 817  4608  17.73  10  16  22  814  483
0371 1 4  365  1.10  0  0  0  4  3
0372 4 17  1169  1.45  1  0  0  16  13
0373 2 2  162  1.23  0  0  0  2  0
0374 6 10  772  1.30  0  0  0  10  4
0375 54 126  2773  4.54  0  2  1  126  72
0376 55 106  2247  4.72  0  0  2  106  51
0377 178 479  3091  15.50  4  11  20  475  301
0378 48 177  1862  9.51  2  8  7  175  129
0379 16 40  2016  1.98  0  2  0  37  24
0380 124 410  3505  11.70  1  9  5  403  286
0381 58 137  2612  5.25  3  0  4  134  79
0382 22 90  765  11.76  0  1  2  89  68
0383 73 128  3347  3.82  0  4  4  126  55
0384 20 61  2547  2.39  0  0  2  59  41
0385 174 548  2158  25.39  2  29  6  543  374
0386 132 304  2805  10.84  4  4  1  301  172
0387 112 379  3675  10.31  2  0  5  379  267
0388 103 226  2942  7.68  0  5  6  224  123
0389 1 6  706  0.85  0  0  0  6  5
0390 19 37  1488  2.49  0  1  1  37  18
0391 138 245  1770  13.84  1  5  6  241  107
0392 5 6  1577  0.38  0  0  0  6  1
0393 24 83  1362  6.09  0  1  1  83  59
0394 20 47  952  4.94  0  1  0  45  27
0395 115 352  1748  20.14  3  18  9  348  237
0396 4 6  2179  0.28  0  0  0  6  2
0397 14 34  806  4.22  1  1  0  33  20
0398 104 271  3616  7.49  2  2  6  270  167
0399 104 315  2539  12.41  2  10  6  314  211
0400 104 236  1501  15.72  1  7  2  232  132
0401 4 4  1941  0.21  0  0  0  4  0
0402 6 7  2331  0.30  0  0  1  7  1
0403 115 281  1669  16.84  4  8  6  280  166
0404 114 270  2717  9.94  0  5  4  266  156
0405 0 0  0  0.00  0  0  0  0  0
0406 1 1  631  0.16  0  0  0  0  0
0407 180 618  3660  16.89  2  10  9  610  438
0408 12 27  1033  2.61  0  1  1  27  15
0409 13 42  2099  2.00  0  3  1  41  29
0410 21 30  850  3.53  2  2  1  28  9
0411 24 57  2408  2.37  0  4  0  57  33
0412 0 0  402  0.00  0  0  0  0  0
0413 121 265  3015  8.79  4  3  1  263  144
0414 183 441  3701  11.92  1  7  6  434  258
0415 161 447  2182  20.49  5  19  13  446  286
0416 136 345  3812  9.05  2  7  8  339  209
0417 83 226  2525  8.95  1  6  8  224  143
0418 83 159  3518  4.52  0  0  2  155  76
0419 239 437  2997  14.58  0  9  7  435  198
0420 279 751  4495  16.71  1  4  16  745  472
0421 8 17  512  3.32  0  0  2  17  9
0422 3 13  3191  0.41  0  0  0  13  10
0423 12 77  955  8.06  0  0  0  75  65
0424 40 63  724  8.70  0  2  1  63  23
0425 24 58  921  6.30  0  2  2  58  34
0426 116 222  1288  17.24  5  9  4  222  106
0427 42 93  1094  8.50  0  1  1  91  51
0428 55 93  3863  2.41  0  3  1  89  38
0429 80 132  3682  3.59  0  3  3  130  52
0430 26 41  1547  2.65  0  2  4  40  15
0431 66 107  3352  3.19  0  2  4  104  41
0432 19 39  1478  2.64  1  1  0  39  20
0433 8 13  603  2.16  0  0  0  13  5
0434 76 227  1375  16.51  1  7  6  225  151
0435 206 561  2859  19.62  4  14  15  556  355
0436 120 435  3051  14.26  2  15  5  433  315
0437 161 525  2059  25.50  5  22  6  517  364
0438 185 487  1783  27.31  1  20  14  482  302
0439 227 735  3169  23.19  4  22  17  729  508
0440 186 650  2831  22.96  1  12  6  644  464
0441 109 387  1605  24.11  5  15  5  385  278
0442 176 528  2486  21.24  0  22  20  525  352
0443 47 110  595  18.49  1  4  2  110  63
0444 176 441  3212  13.73  6  11  5  436  265
0445 191 393  2023  19.43  3  15  7  390  202
0446 0 15  246  6.10  0  2  0  15  15
0447 6 12  426  2.82  1  0  0  12  6
0448 125 451  3401  13.26  0  9  12  445  326
0449 0 0  0  0.00  0  0  0  0  0
0450 40 138  3027  4.56  6  3  0  138  98
0451 386 815  2729  29.86  6  38  17  803  429
0452 109 381  2603  14.64  5  11  7  376  272
0453 64 137  1865  7.35  0  0  2  135  73
0454 2 5  2572  0.19  0  0  0  5  3
0455 3 3  1725  0.17  0  0  1  3  0
0456 126 213  2959  7.20  0  3  5  213  87
0457 0 0  0  0.00  0  0  0  0  0
0458 5 7  1846  0.38  0  0  0  7  2
0459 346 594  2962  20.05  2  31  15  589  248
0460 47 101  1890  5.34  1  3  1  100  54
0461 361 746  3297  22.63  6  19  13  740  385
0462 96 271  3102  8.74  3  2  3  269  175
0463 61 161  2182  7.38  0  5  5  160  100
0464 91 327  2168  15.08  4  15  9  322  236
0465 253 519  3486  14.89  3  17  14  515  266
0466 251 570  3796  15.02  2  24  7  564  319
0467 19 49  1733  2.83  0  1  2  49  30
0468 23 134  3642  3.68  1  0  5  129  111
0469 449 813  3612  22.51  2  25  17  811  364
0470 44 167  1414  11.81  0  3  3  165  123
0471 106 268  2326  11.52  0  4  5  265  162
0472 32 125  1049  11.92  1  5  1  124  93
0473 233 456  1885  24.19  2  7  7  454  223
0474 126 426  3104  13.72  1  12  9  420  300
0475 31 73  1275  5.73  0  0  0  72  42
0476 115 269  2552  10.54  3  7  8  268  154
0477 186 568  2930  19.39  2  11  15  562  382
0478 222 660  3805  17.35  0  16  19  654  438
0479 159 578  2547  22.69  6  22  14  575  419
0480 193 589  3485  16.90  2  22  12  583  396
0481 174 600  3294  18.21  7  13  8  593  426
0482 142 404  3991  10.12  8  17  5  398  262
0483 237 552  4183  13.20  5  24  12  548  315
0484 239 809  4302  18.81  3  30  18  801  570
0485 258 750  4395  17.06  8  28  29  747  492
0486 286 1003  5046  19.88  6  44  21  997  717
0487 61 107  2981  3.59  0  2  0  106  46
0488 59 129  1949  6.62  3  2  2  125  70
0489 59 137  1821  7.52  0  3  4  136  78
0490 137 257  2914  8.82  2  3  3  254  120
0491 68 235  1898  12.38  0  10  1  231  167
0492 193 407  2539  16.03  2  12  3  406  214
0493 106 266  1777  14.97  3  7  3  262  160
0494 15 30  3061  0.98  0  0  0  29  15
0495 125 335  2065  16.22  0  9  8  331  210
0496 24 110  1981  5.55  1  0  2  108  86
0497 9 11  2318  0.47  0  0  0  10  2
0498 50 151  2141  7.05  2  4  2  150  101
0499 252 544  2220  24.50  0  17  10  542  292
0500 150 509  3031  16.79  6  17  11  499  359
0501 16 53  1409  3.76  0  0  0  53  37
0502 59 249  2268  10.98  0  1  2  244  190
0503 41 70  1351  5.18  0  0  1  70  29
0504 160 533  2184  24.40  1  15  12  525  373
0505 110 313  3832  8.17  1  7  9  306  203
0506 28 124  3151  3.94  1  3  4  122  96
0507 34 42  2651  1.58  0  1  0  37  8
0508 60 125  2899  4.31  4  4  5  123  65
0509 159 410  2975  13.78  9  12  16  410  251
0510 146 390  3296  11.83  5  13  8  387  244
0511 1 1  0  0.00  0  0  0  1  0
0512 96 262  4259  6.15  1  3  7  261  166
0513 299 702  2733  25.69  7  28  11  698  403
0514 240 589  3734  15.77  4  21  13  585  349
0515 205 763  2949  25.87  5  15  19  760  558
0516 248 571  4340  13.16  1  21  13  568  323
0517 108 251  3402  7.38  4  4  3  249  143
0518 136 382  3649  10.47  2  6  10  381  246
0519 163 540  2930  18.43  5  20  7  536  377
0520 65 140  3594  3.90  5  4  6  137  75
0521 173 416  5070  8.21  3  18  9  413  243
0522 204 580  3260  17.79  4  17  10  577  376
0523 174 479  3100  15.45  1  9  10  478  305
0524 67 167  3393  4.92  3  5  5  167  100
0525 71 144  2897  4.97  0  2  3  141  73
0526 13 25  721  3.47  0  0  1  25  12
0527 2 2  555  0.36  0  1  0  2  0
0528 0 0  109  0.00  0  0  0  0  0
0529 528 900  3627  24.81  12  24  33  891  372
0530 6 10  1214  0.82  0  0  0  10  4
0531 60 156  1021  15.28  0  0  6  154  96
0532 63 154  1081  14.25  0  2  3  153  91
0533 30 72  1146  6.28  0  1  3  70  42
0534 290 515  3978  12.95  4  15  16  511  225
0535 4 9  420  2.14  0  0  0  9  5
0536 55 203  3459  5.87  1  3  4  200  148
0537 174 578  2608  22.16  3  15  17  569  404
0538 1 1  1211  0.08  0  0  0  1  0
0539 3 5  53  9.43  1  0  0  5  2
0540 92 158  1436  11.00  2  1  1  156  66
0541 33 57  3452  1.65  1  2  3  55  24
0542 7 9  3573  0.25  0  0  0  9  2
0543 12 30  1515  1.98  1  0  1  28  18
0544 0 4  336  1.19  0  0  0  4  4
0545 149 400  3504  11.42  5  10  7  400  251
0546 0 1  37  2.70  0  0  0  1  1
0547 121 304  2391  12.71  3  10  9  303  183
0548 50 160  2156  7.42  1  6  3  160  110
0549 12 39  2401  1.62  0  0  1  38  27
0550 185 427  4052  10.54  2  13  11  426  242
0551 321 1130  5539  20.40  14  36  23  1124  809
0552 199 807  3373  23.93  9  23  10  804  608
0553 100 240  3881  6.18  1  4  8  240  140
0554 18 54  1788  3.02  1  3  1  49  36
0555 22 62  2104  2.95  0  1  3  59  40
0556 50 66  2623  2.52  0  1  1  66  16
0557 104 193  4043  4.77  0  5  5  191  89
0558 114 182  3657  4.98  1  7  3  181  68
0559 58 103  3053  3.37  0  6  1  100  45
0560 4 6  1180  0.51  0  0  0  6  2
0561 59 187  3124  5.99  2  5  5  186  128
0562 0 0  665  0.00  0  0  0  0  0
0563 439 706  3080  22.92  3  24  13  701  267
0564 58 118  3133  3.77  1  2  5  118  60
0565 33 41  3233  1.27  0  0  0  39  8
0566 64 105  2895  3.63  1  3  3  102  41
0567 93 110  2429  4.53  0  4  1  103  17
0568 251 539  3499  15.40  6  27  10  532  288
0569 96 258  2989  8.63  0  3  6  254  162
0570 20 73  1542  4.73  0  4  3  73  53
0571 17 35  1793  1.95  0  0  1  34  18
0572 142 262  2762  9.49  1  4  5  259  120
0573 0 0  1570  0.00  0  0  0  0  0
0574 1 3  390  0.77  0  0  0  3  2
0575 2 5  89  5.62  0  0  0  5  3
0576 1 3  2690  0.11  0  0  1  3  2
0577 32 58  572  10.14  0  4  1  58  26
0578 106 389  2301  16.91  4  10  9  383  283
0579 19 58  1681  3.45  0  2  1  58  39
0580 3 3  1128  0.27  0  0  0  3  0
0581 1 1  1077  0.09  0  0  0  1  0
0582 1 2  1622  0.12  0  0  0  2  1
0583 1 1  1283  0.08  0  0  0  1  0
0584 0 4  1022  0.39  0  0  0  4  4
0585 3 5  2212  0.23  0  0  1  5  2
0586 99 359  4375  8.21  2  10  8  355  260
0587 47 129  1684  7.66  2  1  6  125  82
0588 108 541  3255  16.62  0  14  9  533  433
0589 102 235  2859  8.22  0  6  5  235  133
0590 312 672  2148  31.28  4  18  19  668  360
0591 13 49  2271  2.16  0  0  2  48  36
0592 16 39  1101  3.54  1  1  2  38  23
0593 59 228  3604  6.33  3  5  6  227  169
0594 50 148  2157  6.86  1  3  4  146  98
0595 8 31  1572  1.97  1  0  0  30  23
0596 64 193  2765  6.98  1  6  4  192  129
0597 44 133  2401  5.54  2  4  5  131  89
0598 67 104  713  14.59  0  2  1  103  37
0599 135 289  3451  8.37  0  8  12  285  154
0600 71 173  3574  4.84  0  6  4  172  102
0601 269 774  4019  19.26  9  27  14  766  505
0602 48 205  1080  18.98  1  6  2  203  157
0603 123 386  3226  11.97  3  13  10  384  263
0604 113 359  2960  12.13  3  7  7  353  246
0605 78 130  4624  2.81  1  0  2  126  52
0606 2 2  1056  0.19  0  0  1  2  0
0607 9 10  960  1.04  0  0  0  10  1
0608 14 73  1282  5.69  0  0  1  70  59
0609 136 457  3028  15.09  3  14  13  452  321
0610 52 107  1910  5.60  0  5  2  107  55
0611 2 3  2444  0.12  0  0  0  3  1
0612 385 735  3333  22.05  5  18  21  732  350
0613 17 92  2416  3.81  1  1  3  91  75
0614 90 182  3853  4.72  2  6  6  179  92
0615 107 368  2063  17.84  4  19  11  361  261
0616 137 534  3280  16.28  2  24  7  530  397
0617 134 339  6329  5.36  4  9  6  336  205
0618 173 358  5619  6.37  3  9  9  352  185
0619 222 636  4100  15.51  4  26  8  636  414
0620 205 358  5305  6.75  2  13  5  354  153
0621 45 90  1161  7.75  3  3  3  90  45
0622 106 237  3000  7.90  1  15  4  234  131
0623 210 521  3363  15.49  2  21  11  512  311
0624 1 1  3  33.33  0  0  0  1  0
0625 123 291  1815  16.03  1  5  5  287  168
0626 130 330  2690  12.27  4  10  8  327  200
0627 74 162  2705  5.99  0  3  1  162  88
0628 13 60  1548  3.88  0  1  1  58  47
0629 1 3  550  0.55  0  0  0  3  2
0630 15 31  1482  2.09  1  0  1  31  16
0631 223 413  2639  15.65  3  17  5  410  190
0632 0 1  80  1.25  0  0  0  1  1
0633 169 549  2817  19.49  2  15  15  542  380
0634 86 311  3355  9.27  1  4  10  310  225
0635 196 414  3330  12.43  4  9  17  412  218
0636 137 544  3366  16.16  1  11  7  537  407
0637 27 44  2475  1.78  1  2  0  44  17
0638 14 25  3756  0.67  0  0  1  24  11
0639 137 407  2524  16.13  7  9  6  402  270
0640 142 422  3785  11.15  3  5  16  419  280
0641 121 405  2907  13.93  3  7  8  403  284
0642 213 636  3756  16.93  3  20  15  629  423
0643 225 482  6431  7.49  6  8  7  478  257
0644 190 538  4635  11.61  6  24  13  535  348
0645 103 333  3659  9.10  1  9  2  331  230
0646 34 84  1990  4.22  1  0  0  82  50
0647 87 120  4532  2.65  0  1  1  113  33
0648 159 510  2966  17.19  7  23  10  508  351
0649 82 189  4280  4.42  1  4  5  185  107
0650 208 634  2714  23.36  2  24  14  627  426
0651 168 554  4495  12.32  3  10  13  550  386
0652 26 59  2378  2.48  0  2  4  58  33
0653 1 1  0  0.00  0  0  0  1  0
0654 153 457  5448  8.39  3  10  10  451  304
0655 182 489  5428  9.01  7  23  4  489  307
0656 4 6  2684  0.22  1  0  0  6  2
0657 64 124  4575  2.71  0  2  3  123  60
0658 107 392  2949  13.29  3  13  8  388  285
0659 199 618  4275  14.46  2  8  11  612  419
0660 19 49  4534  1.08  0  1  1  49  30
0661 126 365  3622  10.08  1  4  9  364  239
0662 391 944  4721  20.00  4  26  16  938  553
0663 86 274  3273  8.37  1  6  5  271  188
0664 24 51  2968  1.72  0  0  1  51  27
0665 124 279  2029  13.75  1  9  3  279  155
0666 0 0  0  0.00  0  0  0  0  0
0667 136 502  2189  22.93  3  12  9  500  366
0668 49 184  2045  9.00  2  3  1  184  135
0669 194 491  3171  15.48  6  19  10  489  297
0670 373 736  3023  24.35  3  26  10  730  363
0671 74 308  2831  10.88  2  9  9  304  234
0672 116 427  2975  14.35  4  9  4  425  311
0673 217 524  3114  16.83  5  7  9  520  307
0674 238 606  3953  15.33  7  23  7  604  368
0675 0 0  0  0.00  0  0  0  0  0
0676 1 1  0  0.00  0  0  0  1  0
0677 11 35  967  3.62  0  0  1  35  24
0678 50 111  736  15.08  0  3  2  107  61
0679 217 523  3279  15.95  0  8  7  519  306
0680 5 7  146  4.79  0  0  0  7  2
0681 0 0  6  0.00  0  0  0  0  0
0682 178 496  4124  12.03  1  9  9  488  318
0683 0 4  275  1.45  0  0  0  4  4
0684 2 4  90  4.44  0  1  0  4  2
0685 40 47  306  15.36  2  0  2  45  7
0686 2 8  191  4.19  0  0  0  8  6
0687 110 300  2390  12.55  1  7  1  298  190
0688 221 526  2850  18.46  7  18  19  522  305
0689 46 98  2151  4.56  0  0  6  97  52
0690 163 574  3582  16.02  1  14  8  572  411
0691 0 0  29  0.00  0  0  0  0  0
0692 83 298  2694  11.06  4  10  2  295  215
0693 13 29  674  4.30  1  2  0  29  16
0694 87 146  768  19.01  0  2  2  146  59
0695 49 106  1756  6.04  0  0  1  104  57
0696 76 192  2479  7.75  0  1  0  189  116
0697 49 154  5069  3.04  3  1  3  150  105
0698 23 33  2778  1.19  0  0  1  32  10
0699 136 345  2199  15.69  2  12  3  342  209
0700 61 189  1547  12.22  1  2  1  186  128
0701 17 36  550  6.55  0  4  2  36  19
0702 3 6  576  1.04  0  0  0  6  3
0703 115 410  1933  21.21  5  13  12  407  295
0704 147 354  2401  14.74  0  0  8  353  207
0705 16 24  1403  1.71  0  1  1  24  8
0706 33 79  526  15.02  2  1  2  78  46
0707 26 87  735  11.84  1  4  3  85  61
0708 11 31  612  5.07  0  0  0  31  20
0709 202 577  4413  13.08  1  17  8  567  375
0710 50 173  1812  9.55  0  6  3  171  123
0711 156 394  2940  13.40  1  11  4  391  238
0712 71 175  2292  7.64  1  3  3  172  104
0713 51 150  1703  8.81  1  6  2  149  99
0714 13 23  320  7.19  0  0  0  23  10
0715 23 76  1326  5.73  0  0  1  76  53
0716 122 253  2703  9.36  0  4  2  249  131
0717 7 18  2035  0.88  0  1  0  18  11
0718 285 623  3815  16.33  3  16  7  619  338
0719 48 122  1731  7.05  0  2  0  117  74
0720 160 519  3146  16.50  4  4  10  515  359
0721 249 529  2811  18.82  2  16  11  527  280
0722 21 27  4014  0.67  0  1  1  27  6
0723 23 82  1748  4.69  0  2  1  81  59
0724 60 148  679  21.80  2  4  4  148  88
0725 105 196  2274  8.62  1  3  1  192  91
0726 229 488  2234  21.84  5  14  11  481  259
0727 51 100  2107  4.75  0  5  1  97  49
0728 62 120  952  12.61  1  2  2  118  58
0729 15 46  473  9.73  0  2  0  45  31
0730 102 309  1533  20.16  1  13  3  301  207
0731 12 18  394  4.57  0  0  0  18  6
0732 124 304  1973  15.41  0  8  7  303  180
0733 3 8  210  3.81  0  0  0  8  5
0734 355 668  4081  16.37  5  16  16  662  313
0735 2 5  25  20.00  0  0  1  5  3
0736 0 0  25  0.00  0  0  0  0  0
0737 4 7  53  13.21  0  0  0  7  3
0738 9 21  976  2.15  0  1  0  21  12
0739 70 164  3011  5.45  1  2  4  162  94
0740 20 62  875  7.09  0  1  0  62  42
0741 0 0  0  0.00  0  0  0  0  0
0742 0 0  0  0.00  0  0  0  0  0
0743 1 7  236  2.97  1  0  0  7  6
0744 123 311  2076  14.98  1  13  6  309  188
0745 235 449  2506  17.92  2  20  8  445  214
0746 33 57  718  7.94  0  1  1  56  24
0747 48 153  3041  5.03  1  3  0  152  105
0748 35 77  1388  5.55  0  1  1  77  42
0749 5 10  411  2.43  0  0  0  9  5
0750 43 82  1280  6.41  0  1  0  80  39
0751 140 445  3195  13.93  2  8  9  441  305
0752 120 247  1558  15.85  0  2  7  244  127
0753 15 46  260  17.69  0  1  2  46  31
0754 1 1  0  0.00  0  0  0  1  0
0755 38 156  2803  5.57  0  1  6  152  118
0756 49 76  2181  3.48  1  0  2  74  27
0757 53 82  3670  2.23  0  1  1  82  29
0758 255 588  3109  18.91  10  17  15  588  333
0759 75 221  2334  9.47  0  7  7  221  146
0760 427 869  3717  23.38  4  29  25  866  442
0761 120 252  1390  18.13  2  11  3  251  132
0762 0 0  0  0.00  0  0  0  0  0
0763 22 44  1204  3.65  1  1  0  44  22
0764 298 773  6419  12.04  7  17  8  760  475
0765 90 197  3416  5.77  1  6  3  194  107
0766 4 9  432  2.08  0  0  0  7  5
0767 3 8  105  7.62  0  0  0  8  5
0768 255 822  4259  19.30  5  21  21  814  567
0769 2 2  53  3.77  0  0  0  2  0
0770 5 8  213  3.76  0  0  0  8  3
0771 71 184  2451  7.51  1  5  2  180  113
0772 382 967  5672  17.05  8  31  17  963  585
0773 36 65  2189  2.97  0  2  0  63  29
0774 0 0  114  0.00  0  0  0  0  0
0775 0 0  85  0.00  0  0  0  0  0
0776 118 353  3361  10.50  1  6  9  351  235
0777 8 18  764  2.36  0  0  1  17  10
0778 0 0  0  0.00  0  0  0  0  0
0779 17 33  1158  2.85  0  0  0  33  16
0780 13 28  599  4.67  0  1  0  26  15
0781 159 268  3635  7.37  3  8  5  263  109
0782 80 223  2257  9.88  3  10  6  222  143
0783 7 16  292  5.48  0  1  1  16  9
0784 2 2  1051  0.19  0  0  0  2  0
0785 9 24  286  8.39  0  0  0  23  15
0786 13 44  1421  3.10  0  0  3  43  31
0787 8 13  523  2.49  0  0  0  12  5
0788 11 23  581  3.96  0  0  1  23  12
0789 0 0  4  0.00  0  0  0  0  0
0790 0 0  8  0.00  0  0  0  0  0
0791 0 0  0  0.00  0  0  0  0  0
0792 10 60  1843  3.26  0  0  1  59  50
0793 183 312  2597  12.01  4  11  5  309  129
0794 9 21  2345  0.90  0  0  0  21  12
0795 17 39  1404  2.78  0  0  1  39  22
0796 16 39  494  7.89  0  0  0  38  23
0797 0 0  0  0.00  0  0  0  0  0
0798 9 45  488  9.22  0  1  0  45  36
0799 0 2  138  1.45  0  0  0  2  2
0800 115 480  2831  16.96  5  12  10  479  365
0801 20 32  755  4.24  0  1  0  32  12
0802 10 25  332  7.53  0  1  0  25  15
0803 130 434  2359  18.40  4  16  10  434  304
0804 188 435  3523  12.35  5  15  7  432  247
0805 208 616  2882  21.37  6  12  11  609  408
0806 0 0  0  0.00  0  0  0  0  0
0807 14 38  1899  2.00  0  1  0  38  24
0808 0 3  28  10.71  0  0  0  3  3
0809 2 4  104  3.85  0  0  0  4  2
0810 0 0  228  0.00  0  0  0  0  0
0811 1 2  285  0.70  0  0  0  2  1
0812 0 0  1  0.00  0  0  0  0  0
0813 160 346  4448  7.78  3  12  1  341  186
0814 69 177  3585  4.94  1  3  3  172  108
0815 0 0  0  0.00  0  0  0  0  0
0816 0 0  92  0.00  0  0  0  0  0
0817 0 0  0  0.00  0  0  0  0  0
0818 2 2  376  0.53  0  0  1  2  0
0819 15 32  231  13.85  0  0  0  30  17
0820 1 1  0  0.00  0  0  0  1  0
0821 10 16  1172  1.37  0  1  0  16  6
0822 0 3  1638  0.18  0  0  0  3  3
0823 85 358  3688  9.71  4  10  9  357  273
0824 49 115  2767  4.16  2  2  2  114  66
0825 0 0  0  0.00  0  0  0  0  0
0826 10 38  356  10.67  0  1  1  37  28
0827 7 26  1029  2.53  0  0  1  25  19
0828 110 328  1831  17.91  8  11  3  327  218
0829 9 12  232  5.17  0  2  0  12  3
0830 0 0  4  0.00  0  0  0  0  0
0831 0 0  0  0.00  0  0  0  0  0
0832 4 11  364  3.02  0  0  0  11  7
0833 1 1  18  5.56  0  0  0  1  0
0834 0 0  0  0.00  0  0  0  0  0
0835 5 8  303  2.64  0  0  0  8  3
0836 1 1  19  5.26  0  0  0  1  0
0837 0 1  0  0.00  0  0  0  1  1
0838 1 1  0  0.00  0  0  0  1  0
0839 13 30  1041  2.88  0  1  1  30  17
0840 52 76  1642  4.63  0  2  1  74  24
0841 1 1  0  0.00  0  0  0  1  0
0842 78 184  3033  6.07  2  3  1  183  106
0843 0 0  0  0.00  0  0  0  0  0
0844 0 0  11  0.00  0  0  0  0  0
0845 1 1  17  5.88  0  0  0  1  0
0846 0 0  365  0.00  0  0  0  0  0
0847 33 57  1170  4.87  0  2  3  55  24
0848 45 156  1990  7.84  2  7  7  155  111
0849 51 139  3193  4.35  4  4  5  135  88
0850 6 9  172  5.23  0  0  0  9  3
0851 153 410  3493  11.74  5  12  6  401  257
0852 1 1  16  6.25  0  0  0  1  0
0853 150 422  2709  15.58  3  16  12  421  272
0854 2 2  179  1.12  0  0  0  2  0
0855 1 1  18  5.56  0  0  0  1  0
0856 0 0  0  0.00  0  0  0  0  0
0857 0 0  1  0.00  0  0  0  0  0
0858 1 1  413  0.24  0  0  0  1  0
0859 7 33  787  4.19  0  0  0  31  26
0860 0 0  0  0.00  0  0  0  0  0
0861 11 43  1769  2.43  1  3  1  43  32
0862 0 0  0  0.00  0  0  0  0  0
0863 0 0  669  0.00  0  0  0  0  0
0864 18 64  2452  2.61  0  0  1  64  46
0865 0 0  19  0.00  0  0  0  0  0
0866 0 0  0  0.00  0  0  0  0  0
0867 0 0  0  0.00  0  0  0  0  0
0868 33 79  2244  3.52  0  5  0  78  46
0869 3 7  535  1.31  0  1  0  7  4
0870 0 0  0  0.00  0  0  0  0  0
0871 0 0  2  0.00  0  0  0  0  0
0872 1 3  127  2.36  0  0  0  3  2
0873 3 9  682  1.32  0  0  0  9  6
0874 195 612  3146  19.45  5  21  11  606  417