6001     1     1    83     0    28     0
6002     0     0   119     1   177     0
6003     0     0   136     0    51     0
6004     0     0    54     0    88     1
6005     0     1   241     1   136     0
6006     0     1    70     0   133     0
6007     0     0    29     0    35     0
6008     0     3   206     1   257     0
6009     0     1   165     0   204     1
6010     0     2   147     0   186     1
6011     0     2   289     0   327     0
6012     0     1   274     1   274     1
6013     0     0   163     0   212     1
6014     0     1   122     0   165     0
6015     0     1   317     2   331     0
6016     0     0   291     2   255     0
6017     0     0   160     0   157     0
6018     0     2   316     1   344     2
6019     0     0   262     2   251     0
6020     0     0   173     0   182     0
6021     3     1   918     0   167     1
6022     0     0   250     1   155     0
6023     1     2   169     1   218     1
6024     1     2   482     0   255     1
6025     1     0   264     2   218     0
6026     0     0    80     0   152     0
6027     0     0    60     0    28     0
6028     0     2   181     1   243     3
6029     0     0    28     0    73     0
6030     0     1    31     0    48     0
6031     0     1   288     0   326     0
6032     0     0   151     1   153     0
6033     0     0   129     0   109     0
6034     0     0   129     0    72     0
6035     0     1   307     0   310     1
6036     0     1   403     4   390     2
6037     1     0   176     1   113     0
6038     1     0   205     0   224     0
6039     0     0   261     0   222     0
6040     0     0   151     0    79     0
6041     0     1   353     0   440     1
6042     0     2   352     0   304     1
6043     0     0    94     0   116     0
6044     0     4   303     1   314     0
6045     0     1   153     0    43     0
6046     1     2   186     0   205     2
6047     0     1   269     0   313     1
6048     1     1   207     0   188     0
6049     0     2   229     1   199     0
6050     0     0    11     0    15     0
6051     0     0     0     0     0     0
6052     0     0     0     0     0     0
6053     0     0    78     0    96     0
6054     0     2   388     1   368     0
6055     0     1   594     1   366     0
6056     0     2   326     0   278     0
6057     1     0   231     1   246     1
6058     0     1   176     0   152     1
6059     0     1   120     0    91     0
6060     0     1   353     1   242     0
6061     0     0   244     2   206     0
6062     0     3   160     0   148     1
6063     0     0   390     1   233     0
6064     0     0   268     0   153     0
6065     0     2    82     0    98     0
6066     0     0   203     0   153     0
6067     1     0   217     0   177     0
6068     0     0   261     0   177     1
6069     0     4   181     0   140     1
6070     0     0   193     0   124     0
6071     0     1   185     0   168     1
6072     0     0   158     0   152     0
6073     0     4   262     1   304     0
6074     0     1   148     0   201     0
6075     0     0   209     0   150     0
6076     0     5   213     0   202     0
6077     0     3   379     1   332     1
6078     0     0   181     0   147     0
6079     0     1   224     2   150     1
6080     0     0   202     0   141     0
6081     0     1   273     0   248     1
6082     1     1   446     0   394     0
6083     0     4   389     0   333     0
6084     0     0   203     0   165     0
6085     0     0   197     0   239     0
6086     0     0   489     0   644     0
6087     0     4   299     2   360     1
6088     0     1   296     0   217     0
6089     0     0    20     0    16     0
6090     0     0    71     0    64     0
6091     0     0    32     0    11     0
6092     0     0     0     0     0     0
6093     0     0     0     0     0     0
6094     0     0     0     0     0     0
6095     0     0     0     0     0     0
6096     0     0     6     0     1     0
6097     0     0     0     0     0     0
6098     0     0     3     0    20     0
6099     0     0   376     0   336     1
6100     0     2   297     1   225     0
6101     0     0     0     0     0     0
6102     1     2   163     1   158     0
6103     2     5   403     1   378     0
6104     0     0   323     0   219     0
6105     0     2   311     1   367     1
6106     0     0   148     0   161     0
6107     0     3   158     1   192     2
6108     0     0     0     0     0     0
6109     0     0   180     0   121     0
6110     0     0   131     1   241     2
6111     0     1   261     2   237     0
6112     0     1    95     3   177     0
6113     0     2   163     1   341     0
6114     0     0    18     0    20     1
6115     0     2   163     0   201     0
6116     0     0   218     0   245     0
6117     0     4    98     0   160     0
6118     0     0    72     0   105     0
6119     0     0     0     0     0     0
6120     0     0     0     0     0     0
6121     0     0     9     0     3     0
6122     0     1   338     0   303     0
6123     0     0   105     0    68     0
6124     0     1   393     0   237     0
6125     0     2   209     3   247     1
6126     0     0   175     1   155     1
6127     0     2   192     2   177     1
6128     0     0   310     0   297     1
6129     0     0   124     0   124     0
6130     1     1   321     2   329     2
6131     1     3   239     0   256     0
6132     0     5   230     0   225     2
6133     0     3   265     0   216     0
6134     0     1   218     1   226     0
6135     0     3   242     0   250     0
6136     0     2   372     0   263     2
6137     0     1   195     0   173     0
6138     0     0   196     1   205     0
6139     0     1   162     0   153     0
6140     0     3   392     2   237     0
6141     0     3   303     0   262     1
6142     0     0   316     2   242     0
6143     0     1    99     0    86     1
6144     0     4   591     0   279     0
6145     0     0   196     0    87     0
6146     0     1   272     1   134     0
6147     0     1   308     0   217     0
6148     1     1   265     0   104     0
6149     0     2   375     1   188     0
6150     0     0     8     0     5     0
6151     0     0     3     0     2     0
6152     0     1   378     0   382     2
6153     0     0    54     0    24     0
6154     0     5   427     3   473     1
6155     0     1   291     1   306     1
6156     0     0   120     0   127     1
6157     0     0   274     1   307     2
6158     0     2   231     0   230     1
6159     0     3   302     0   303     0
6160     0     0   368     0   238     0
6161     0     0   222     1   217     2
6162     0     1   208     0   170     0
6163     0     1   301     0   303     1
6164     0     3   268     1   231     0
6165     0     3   467     0   212     0
6166     0     1   368     0   192     0
6167     0     1   167     2    97     0
6168     1     0   155     1   140     1
6169     2     1   235     0   202     0
6170     0     0     7     0     1     0
6171     0     0   163     0   120     0
6172     0     1   116     0    94     2
6173     0     3   218     0   131     0
6174     1     3   363     0   273     0
6175     1     1   356     1   247     1
6176     1     0   580     1   477     0
6177     0     0   109     1    73     0
6178     1     3   344     1   241     0
6179     0     2   246     0   176     0
6180     0     0   285     0   252     0
6181     2     2   316     0   351     0
6182     0     2   272     2   266     2
6183     0     1    91     0   119     1
6184     0     3   356     1   234     0
6185     0     2   393     1   334     0
6186     0     0   103     0    39     0
6187     0     2   715     0   412     0
6188     1     2   138     1   191     1
6189     0     0     1     0     2     0
6190     0     1   139     0   218     1
6191     0     3   248     1   263     0
6192     1     2   275     0   267     1
6193     1     0   153     0   148     0
6194     1     1   175     0   186     0
6195     1     2   193     1   243     0
6196     0     0    22     0    27     0
6197     0     0    21     0    32     0
6198     0     0   564     1   260     0
6199     1     2   338     1   109     0
6200     0     2   125     0   215     2
6201     0     2   181     0   263     1
6202     0     4   102     0   158     0
6203     0     0    74     0   123     0
6204     0     0     0     0     0     0
6205     0     1   115     0   195     0
6206     0     0     0     0     0     0
6207     1     0   205     1   277     0
6208     0     0   132     0   159     0
6209     0     1   166     0   204     0
6210     0     4   392     1   316     1
6211     0     0   143     0   201     0
6212     0     0     0     0     0     0
6213     0     4   259     1   250     0
6214     1     2   323     0   281     2
6215     0     1   211     1   228     0
6216     1     0   357     0   229     1
6217     0     1   527     0   322     3
6218     0     3   525     0   271     1
6219     0     5   526     0   353     0
6220     0     0   259     0   185     0
6221     0     0    12     0     5     0
6222     0     0    37     0    76     0
6223     1     3   195     1   247     0
6224     0     0     0     0     0     0
6225     0     0     8     0    14     0
6226     0     0     0     0     0     0
6227     0     0   325     0    60     0
6228     1     0   151     0   142     0
6229     0     0   168     0   102     0
6230     0     2   442     0   185     0
6231     0     0   130     0    19     0
6232     0     0   338     0    66     0
6233     0     1   283     0   231     0
6234     0     2   373     2   251     0
6235     0     3   314     2   259     0
6236     0     3   326     1   229     0
6237     0     0   238     1   231     0
6238     0     1    67     1    98     2
6239     1     1   281     1   248     0
6240     0     2   319     0   166     1
6241     0     0    19     0    20     0
6242     0     1   120     0   189     0
6243     0     1   305     1   349     0
6244     0     2   383     0   367     0
6245     0     0   208     0   166     0
6246     0     1   273     0   173     1
6247     0     5   164     0   191     0
6248     0     1   299     1   320     0
6249     1     2   381     2   430     0
6250     0     2   235     0   172     0
6251     0     2   325     0   236     0
6252     0     1   142     1   166     0
6253     0     2   481     2   354     3
6254     0     0     0     0     0     0
6255     0     4   538     1   507     1
6256     1     0   171     1   190     0
6257     0     2   398     0   353     1
6258     1     1   120     0   129     2
6259     0     2    77     0   122     0
6260     0     2   107     0   196     0
6261     0     2   284     1   171     3
6262     1     1   309     0   149     0
6263     0     2    87     0   161     1
6264     0     2   109     1   196     1
6265     0     2   106     0   191     1
6266     2     0   179     2   280     0
6267     0     1   153     0   152     0
6268     0     1    97     0   118     0
6269     0     6   196     0   248     0
6270     0     3   169     0   307     0
6271     0     2   150     0   194     1
6272     0     1    33     0    17     0
6273     0     2   250     1   163     1
6274     0     2   109     0    50     0
6275     0     0     0     0     2     0
6276     0     1     4     0    17     0
6277     1     3   145     0   346     1
6278     0     1   297     0   305     3
6279     0     1   310     1   152     0
6280     0     0    21     0    10     0
6281     0     0   300     0   240     0
6282     0     3   303     0   306     0
6283     0     0   142     0   172     0
6284     0     0   239     1   266     3
6285     1     0    79     1   167     1
6286     0     0    33     0    12     0
6287     1     0   285     0   243     0
6288     0     3   207     0   311     1
6289     0     2   311     4   224     0
6290     0     0   269     1   285     1
6291     1     1   464     0   365     0
6292     0     0   142     0   186     1
6293     0     0   160     1   142     0
6294     0     4   120     1   224     1
6295     0     2   227     0   338     0
6296     1     4   111     0   114     0
6297     0     3   145     0    99     0
6298     2     1   226     0   142     0
6299     0     5   209     1   213     1
6300     0     1   255     0   202     0
6301     0     0   244     0   262     0
6302     0     1    79     0   185     0
6303     0     0   589     1   361     0
6304     0     4   646     0   324     1
6305     0     1   671     0   264     0
6306     0     0   807     0   318     1
6307     0     0     0     0     2     0
6308     0     0     0     0     4     0
6309     0     0     0     0     0     0
6310     0     2   243     0   294     0
6311     0     4   359     1   235     0
6312     0     3   532     0   331     0
6313     0     0   592     0   328     0
6314     0     2   381     0   251     1
6315     0     3   189     1   235     0
6316     1     2   532     1   515     0
6317     0     0   251     0   134     0
6318     0     4   503     0   289     0
6319     0     0   110     1   115     0
6320     0     2   318     1   270     0
6321     0     0   284     1   230     1
6322     1     2   553     2   157     1
6323     1     2   552     1   147     2
6324     0     1    67     1    88     0
6325     0     2    72     0   133     0
6326     0     0    85     0    57     0
6327     1     0    41     0   114     0
6328     0     3   401     1   809     1
6329     0     1   180     0   320     0
6330     0     0   259     0    50     0
6331     0     0   189     1   110     0
6332     0     1   158     0    30     0
6333     0     0   144     0    19     0
6334     0     0    17     0    40     0
6335     1     0   193     0    34     0
6336     0     1   107     0    31     0
6337     0     0     2     0     7     0
6338     0     1   576     0   116     3
6339     0     0   128     0    16     0
6340     0     0   426     1   112     0
6341     0     1   555     0    87     0
6342     0     2   592     2   300     1
6343     0     1   262     1   385     0
6344     0     0    48     0    31     0
6345     0     0   171     1   122     0
6346     0     0    32     0    18     0
6347     1     0   277     0   207     0
6348     0     0   177     1    46     0
6349     0     1   282     0   232     0
6350     0     0    84     0    44     2
6351     0     4   365     2   396     1
6352     0     2   379     2   343     2
6353     1     1   286     0   168     0
6354     0     3   277     0   323     0
6355     0     0    95     1   226     1
6356     0     0   230     0   162     0
6357     0     1   179     1   162     0
6358     0     0     2     0     2     0
6359     0     0    35     0    17     0
6360     0     1    77     0    38     0
6361     1     2   304     2   227     0
6362     0     1   117     0    44     1
6363     0     4   432     2   417     2
6364     0     0    26     0    28     0
6365     0     2   143     1   217     1
6366     0     4   958     1   314     0
6367     0     1    98     0   174     1
6368     0     0   130     0    17     0
6369     1     0    96     0    29     0
6370     0     0     4     0     0     0
6371     0     0     0     0     0     0
6372     0     1   972     1   216     0
6373     0     4   213     0   246     0
6374     0     3   551     0   130     1
6375     0     0   419     1   231     2
6376     1     3   376     2   194     3
6377     0     0   444     0   150     1
6378     0     0   406     1   106     1
6379     0     0   340     0   112     0
6380     0     2   266     0   147     0
6381     0     3   153     1   152     0
6382     0     2   440     3   229     1
6383     0     2   841     1   297     0
6384     0     0     3     0     0     0
6385     0     3   636     1   237     0
6386     1     0   151     0   145     1
6387     0     0   174     0   191     0
6388     0     0    51     0    57     0
6389     3     0   499     3   147     0
6390     0     0     1     0     2     0
6391     0     0    36     0    26     0
6392     1     0    64     0    60     0
6393     1     0   468     0   199     0
6394     1     1    27     0    40     0
6395     0     2   649     1   178     2
6396     0     0    11     0    24     0
6397     0     0    11     0     6     0
6398     0     0    80     0    90     0
6399     0     0   240     0   101     0
6400     0     0    24     1    36     0
6401     0     1    86     0   150     1
6402     0     0     5     0    22     0
6403     0     0    58     0    61     0
6404     1     1   177     0   106     0
6405     0     0   190     0    31     1
6406     2     3   612     0   107     1
6407     0     0   227     1    23     1
6408     0     1   118     0    61     0
6409     2     0   382     2   188     2
6410     0     0   291     2    49     0
6411     0     1   376     0    74     1
6412     1     2   413     2    71     0
6413     1     0   388     0    47     3
6414     0     0   162     0    28     0
6415     1     0   249     0    45     1
6416     0     1   473     2    61     0
6417     2     1   429     0    65     0
6418     1     1   222     3    47     0
6419     0     0     8     0     0     0
6420     0     2    21     0    62     0
6421     0     1   154     0    84     0
6422     0     0    20     0    26     0
6423     0     0    29     0    51     0
6424     0     0    20     0    33     0
6425     0     1   285     0   167     0
6426     1     2   229     0   167     0
6427     0     0    28     0    40     0
6428     1     1   377     0   255     0
6429     0     0     0     0     0     0
6430     0     0     0     0     0     0
6431     0     0   118     0    25     0
6432     0     0   159     0    60     0
6433     0     3   111     0   138     0
6434     0     0   175     0    34     0
6435     0     0     2     0     1     0
6436     0     0     0     0     0     0
6437     2     6   381     0    66     1
6438     1     0   518     0    81     1
6439     0     0    22     0    26     0
6440     0     0    32     0    35     0
6441     0     0   113     2    26     0
6442     1     0   175     1    66     0
6443     0     0    40     0    30     0
6444     1     2   634     1   200     0
6445     3     1   318     1    66     1
6446     1     2   405     0    84     0
6447     0     1   531     1   108     0
6448     1     5   873     1   142     2
6449     1     4   296     0    72     0
6450     0     0   329     0   128     0
6451     0     2   255     2   115     0
6452     0     2   218     1    41     0
6453     3     3   498     1   106     0
6454     2     0   285     0    46     0
6455     2     2   467     0    75     2
6456     2     4   725     1   100     0
6457     1     3   757     4   131     0
6458     0     1   177     0    32     1
6459     0     2   727     1   206     2
6460     0     0   321     2    53     0
6461     2     8   935     1   168     2
6462     0     4   883     4   154     2
6463     0     3   697     0   115     0
6464     1     1   346     0    53     0
6465     2     3   933     1   122     0
6466     1     4  1092     0   154     0
6467     2     0  1260     0   183     0
6468     1     0  1061     0   184     1
6469     1     2  1122     1   176     2
6470     1     5   874     1   195     1
6471     2     4  1028     1   129     1
6472     0     0   580     0    80     1
6473     1     0   782     0    94     0
6474     0     0   505     1    70     0
6475     0     0   713     0   102     2
6476     1     3  1126     3   155     1
6477     0     1  1059     0   103     0
6478     0     2   982     0   147     1
6479     1     0   728     2    84     2
6480     0     0   619     1    84     0
6481     2     2   883     0   116     1
6482     3     2   749     1    83     0
6483     0     4   966     3   121     2
6484     0     0   587     2    81     1
6485     0     2   477     0    54     0
6486     0     0    65     0    12     0
6487     0     0    40     0    36     0
6488     0     0     5     0     1     0
6489     0     3   396     1   123     0
6490     0     0   601     1   121     1
6491     0     0   228     0    46     0
6492     0     0    61     2    28     0
6493     0     4   791     0   172     0
6494     0     2   884     1   207     1
6495     1     2  1002     1   127     1
6496     0     3  1922     2   177     1
6497     0     3   627     0   125     1
6498     2     8   769     0   158     1
6499     0     1   106     0    54     0
6500     0     0   220     1    92     2
6501     0     3  1171     1   210     1
6502     1     0   131     0    63     1
6503     1     0   297     0    43     0
6504     0     3   708     2    99     1
6505     0     0   180     0    27     0
6506     1     2   557     0    67     0
6507     0     0    36     0    10     0
6508     0     0    38     0    28     0
6509     0     0    20     0     8     0
6510     0     5   943     1   200     1
6511     1     5  1105     0   124     0
6512     0     1    44     0    30     0
6513     1     3   965     0   151     0
6514     0     2  1184     0   199     1
6515     0     1    21     0     8     0
6516     0     0    85     1    35     0
6517     0     2  1588     0   188     0
6518     0     0   223     1    40     0
6519     2     3   599     0   145     2
6520     1     2   535     1   286     0
6521     0     0     1     0     0     0
6522     1     1   235     0   377     0
6523     0     3   204     2   255     2
6524     0     0     0     0     0     0
6525     0     1   203     1   170     0
6526     0     4   396     1   131     0
6527     0     0     0     0     0     0
6528     0     1   440     0   241     1
6529     1     1   498     0   125     1
6530     0     0    91     1    24     0
6531     0     1   637     0   169     0
6532     0     5   273     0   187     0
6533     0     1  1677     2   219     0
6534     0     2  1211     0   244     1
6535     0     1   640     0   179     2
6536     0     0     0     0     0     0
6537     0     3   783     0   172     0
6538     1     3   862     0   131     0
6539     1     2   383     0   208     1
6540     0     0   247     0   155     0
6541     0     0   426     0   154     0
6542     2     0   369     0   170     0
6543     1     4   369     1   254     0
6544     0     1   567     0   112     0
6545     1     2   346     1   297     2
6546     0     4   383     1   278     1
6547     1     0   305     0   187     0
6548     0     0    35     0    20     0
6549     0     0   323     0   256     0
6550     0     1   126     0   143     0
6551     0     0     0     0     0     0
6552     0     0     0     0     0     0
6553     0     1    76     0   243     0
6554     0     0     0     0     0     0
6555     1     3  1296     2   357     1
6556     0     0   776     1   165     0
6557     0     0     0     0     0     0
6558     0     1   777     2   297     2
6559     0     0     0     0     0     0
6560     0     0     4     0     5     0
6561     0     0     0     0     0     0
6562     0     0    14     1     6     0
6563     0     0    22     0    43     0
6564     1     2   380     0   324     1
6565     0     0   358     0   223     1
6566     0     2   257     0   208     0
6567     0     0    76     1   124     0
6568     0     0    10     0     2     0
6569     0     0     0     0     0     0
6570     0     0     0     0     0     0
6571     0     1   265     0   286     0
6572     0     4   248     0   705     0
6573     1     7   165     0   564     2
6574     2     1   180     1   347     0
6575     0     2   149     2   205     0
6576     0     3    48     1   221     0
6577     0     1    65     0   190     0
6578     0     1   100     2   352     0
6579     2     2   152     4   310     0
6580     0     6   190     2   489     1
6581     0     2    92     1   261     0
6582     0     0    17     0    25     0
6583     0     0    24     0    42     0
6584     0     3   140     0   330     1
6585     2     3   316     2   448     0
6586     0     0    58     0   146     0
6587     0     5   339     0   477     1
6588     0     3   217     1   294     1
6589     1     4   166     0   247     0
6590     1     2   413     3   473     3
6591     0     1    88     1   121     0
6592     3     5   193     2   539     1
6593     0     0    57     1    49     0
6594     0     0    14     0    65     0
6595     0     0   101     0    86     0
6596     0     3    49     0   170     0
6597     1     1   119     0   461     3
6598     0     1    61     2   109     0
6599     0     0    16     0    30     0
6600     0     0     0     0     0     0
6601     0     1     1     0    11     0
6602     0     0     0     0     0     0
6603     0     0    41     0     6     0
6604     0     5   804     0   517     1
6605     0     3   504     0   321     0
6606     0     1   375     0    96     1
6607     0     4   651     2   439     0
6608     0     0   221     0   206     0
6609     0     1   523     0   429     1
6610     0     1   236     2   279     0
6611     0     0   159     0   225     1
6612     0     3   174     1   206     0
6613     2     0   292     1    45     0
6614     1     3   171     2   296     0
6615     0     1   119     0   227     0
6616     0     0    66     1   222     0
6617     0     4   103     1   220     2
6618     1     1   106     0   174     0
6619     0     0   203     0   211     1
6620     0     3   102     0   179     3
6621     0     3    59     2   202     1
6622     0     0    24     0    71     0
6623     1     2   290     0   315     1
6624     0     0    41     1    16     0
6625     0     1     1     0    15     2
6626     0     2    47     0   172     0
6627     0     0     0     0     0     0
6628     0     2   129     0   176     0
6629     0     0     0     0     0     0
6630     0     0     0     0     0     0
6631     0     0   509     2   248     0
6632     0     1   143     0   217     0
6633     0     3   286     1   415     2
6634     0     4   150     1   278     1
6635     0     0     1     1     8     0
6636     0     4   198     0   347     1
6637     0     7   203     1   267     0
6638     2     4   193     0   349     0
6639     0     1   110     0   177     0
6640     0     3    59     0   111     0
6641     0     0   423     1   199     1
6642     0     1   297     2   157     0
6643     0     3   164     1   290     2
6644     0     0   105     1   193     1
6645     1     0   132     0   172     0
6646     0     2    53     0    75     0
6647     0     2    64     0    93     0
6648     1     1    98     1   111     1
6649     0     1    12     0    22     0
6650     0     3    46     0    91     0
6651     0     1   113     0   159     0
6652     1     0   188     3   239     0
6653     0     0     0     0     1     0
6654     0     3   430     0   249     1
6655     0     1   187     1   206     0
6656     0     1   178     0   307     0
6657     0     0   114     0   148     0
6658     0     0   193     2   189     0
6659     0     0   119     2   135     0
6660     0     0   341     0   284     1
6661     0     0     0     0     0     0
6662     0     2   687     1   269     0
6663     0     2   400     0   187     0
6664     0     0   141     0   136     0
6665     1     2    96     0   174     0
6666     0     0   168     0    74     0
6667     0     0   124     0    59     0
6668     0     0   158     0   126     1
6669     0     0   172     0    69     0
6670     0     0     0     0     0     0
6671     0     0     2     0     0     0
6672     0     1   525     0   344     0
6673     0     0     0     0     0     0
6674     1     0   407     0   207     0
6675     1     2   586     0   341     0
6676     0     1   413     2   254     0
6677     0     0     0     0     0     0
6678     0     1    51     0    53     0
6679     0     0    33     0    23     0
6680     1     0    43     0    70     0
6681     0     0     9     0    20     0
6682     0     0     1     0     0     0
6683     0     1   235     0   132     0
6684     0     0     0     0     1     0
6685     0     2   247     0   258     1
6686     0     2   348     0   297     0
6687     0     1   130     0   133     0
6688     0     0   212     0   218     0
6689     0     2   372     3   286     0
6690     1     2   289     1   289     1
6691     0     2   233     0   201     0
6692     0     0     1     1     5     0
6693     0     2   228     0   207     0
6694     0     0   342     0   184     0
6999     0     1   199     0    75     0
