6001     13     0     0     0
6002     12     0     0     0
6003     31     0     0     0
6004    225     1     0     0
6005     46     3     1     2
6006    201     0     0     1
6007     67     2     0     0
6008      9     0     0     0
6009     22     0     0     0
6010     27     0     2     0
6011     52     0     1     0
6012     24     0     0     0
6013      3     0     0     0
6014     49     0     0     0
6015     34     1     0     0
6016     24     1     1     2
6017      6     0     0     0
6018     52     0     0     2
6019      7     0     0     0
6020     84     1     0     1
6021     39     1     0     0
6022     63     2     0     0
6023    167     2     1     0
6024     77     1     0     0
6025     24     0     0     0
6026    100     1     0     0
6027     34     0     0     0
6028     36     0     3     0
6029     77     0     0     0
6030     21     0     0     1
6031     37     2     1     0
6032      4     0     0     0
6033     21     1     0     0
6034     45     0     1     1
6035     51     0     1     0
6036      6     0     0     0
6037     79     1     1     1
6038     17     0     1     0
6039     27     1     1     0
6040     56     1     1     0
6041     64     1     1     1
6042     40     0     1     0
6043      1     0     2     0
6044     38     0     0     1
6045     91     2     1     1
6046     55     0     0     1
6047      8     0     0     0
6048      6     0     0     0
6049    161     1     2     1
6050     44     1     0     1
6051     15     2     0     1
6052     32     4     0     0
6053     56     0     1     2
6054     71     3     2     1
6055     58     0     0     5
6056    177     2     1     1
6057     81     1     0     0
6058      0     0     0     0
6059     40     2     0     2
6060      9     0     0     0
6061    121     2     2     0
6062      1     0     0     0
6063      1     0     0     0
6064      7     0     0     0
6065     74     2     0     0
6066    121     2     1     0
6067     87     1     1     1
6068     43     1     2     0
6069     79     0     2     0
6070    133     1     1     0
6071      0     0     0     0
6072     45     0     1     1
6073     87     1     0     1
6074     29     0     0     0
6075    210     3     4     3
6076     20     0     0     0
6077     51     2     0     1
6078    404     5     2     3
6079     24     0     0     1
6080     26     1     0     0
6081    314     6     2     0
6082     72     2     0     0
6083    113     1     0     0
6084    134     3     5     1
6085    113     1     1     0
6086    178     3     2     0
6087     93     2     0     1
6088    107     1     1     0
6089     84     0     5     0
6090     45     1     2     2
6091    147     4     2     2
6092    140     2     2     1
6093      4     0     0     0
6094    224     2     1     2
6095     45     0     0     1
6096     43     0     2     2
6097     14     1     0     0
6098    136     2     0     1
6099      2     0     0     0
6100      6     0     0     0
6101     26     0     0     0
6102    139     0     0     0
6103      8     0     0     1
6104      1     0     0     0
6105     31     0     0     1
6106     21     1     0     0
6107     11     0     0     0
6108     31     0     0     0
6109     37     2     0     1
6110     32     2     1     1
6111    112     2     0     0
6112     89     0     1     0
6113    174     0     2     1
6114     44     3     1     0
6115     56     0     1     0
6116     12     0     0     1
6117      0     0     0     0
6118     55     0     0     1
6119     18     0     0     0
6120     11     0     0     1
6121     14     0     0     0
6122      4     0     0     0
6123     27     0     0     0
6124     62     0     1     1
6125      5     0     0     0
6126     17     0     0     0
6127     18     1     1     1
6128     97     0     2     0
6129      0     0     0     0
6130      0     0     0     0
6131      0     0     0     0
6132      0     0     0     0
6133     41     3     1     1
6134     71     1     0     2
6135     37     1     1     0
6136      2     0     0     0
6137     18     1     1     0
6138     16     0     1     1
6139      3     0     0     0
6140     39     2     0     1
6141      8     0     0     0
6142     48     3     1     1
6143     54     2     0     0
6144      7     0     0     0
6145     59     1     0     0
6146     22     0     1     0
6147      0     0     0     0
6148     23     1     0     0
6149     35     0     1     1
6150     46     0     1     1
6151     75     0     2     2
6152     62     3     1     1
6153     77     0     0     1
6154     18     3     4     0
6155     41     0     0     0
6156     52     1     0     0
6157     58     2     0     0
6158     34     0     0     0
6159     48     0     0     2
6160     44     1     0     0
6161      4     0     0     0
6162      8     0     0     0
6163     80     0     0     0
6164     79     0     1     0
6165     27     1     0     6
6166     35     1     2     1
6167     12     0     2     0
6168     30     0     1     1
6169     21     3     0     0
6170     56     0     0     1
6171     73     3     2     1
6172     21     1     0     1
6173     50     1     0     0
6174     76     3     4     0
6175     47     2     0     0
6176     62     2     1     0
6177      3     0     0     0
6178      2     0     0     0
6179      5     0     0     0
6180     34     0     1     0
6181      3     0     0     0
6182     32     0     0     0
6183     19     1     0     1
6184      0     0     0     0
6185      0     0     0     0
6186     50     1     0     0
6187     84     0     0     0
6188     52     1     0     0
6189     34     2     0     0
6190     47     1     1     2
6191     70     1     0     0
6192     48     0     0     0
6193     77     2     0     1
6194     46     0     1     1
6195     63     0     1     0
6196     42     1     1     0
6197     29     0     0     1
6198     12     0     0     0
6199     28     0     0     1
6200     87     0     0     1
6201     36     0     0     1
6202     34     0     0     2
6203     46     0     0     0
6204    102     0     1     1
6205     60     1     2     0
6206     19     0     0     2
6207     41     0     0     0
6208     41     0     0     0
6209     54     0     0     1
6210     37     1     0     0
6211     32     0     1     0
6212      0     0     0     0
6213     22     0     0     0
6214     19     0     1     0
6215     52     0     0     0
6216     39     0     0     0
6217     49     0     0     1
6218     25     0     0     0
6219     29     1     0     1
6220     97     2     1     0
6221     10     0     0     0
6222     82     1     0     1
6223     71     0     0     0
6224     29     0     0     0
6225     67     0     0     0
6226     82     0     0     0
6227     45     1     2     0
6228     47     0     0     0
6229     79     0     0     0
6230     56     0     0     1
6231     55     0     0     1
6232     44     0     0     0
6233     69     0     0     1
6234     58     1     0     1
6235     66     0     0     2
6236     26     0     0     1
6237     25     0     0     0
6238     47     2     0     0
6239     33     0     0     0
6240     27     0     0     0
6241      5     0     0     0
6242     36     0     0     0
6243     48     0     0     0
6244     66     0     1     0
6245     55     0     1     1
6246     32     0     0     0
6247     28     0     0     0
6248     21     0     0     2
6249    101     0     2     2
6250     24     0     0     0
6251     36     1     0     0
6252    109     0     1     1
6253     92     0     0     0
6254     33     0     0     0
6255     71     1     0     0
6256     84     0     3     1
6257     48     1     0     0
6258      0     0     0     0
6259      0     0     0     0
6260     47     0     0     0
6261      0     0     0     0
6262     36     0     0     0
6263     14     0     0     0
6264     17     0     0     0
6265     24     0     0     0
6266     30     0     0     0
6267     16     0     0     0
6268     40     0     0     0
6269     31     1     1     0
6270     17     0     3     0
6271     15     0     0     0
6272     18     1     0     1
6273     18     1     0     0
6274     28     0     0     0
6275     55     3     0     0
6276     13     2     0     0
6277     40     1     0     0
6278     38     0     0     1
6279     23     1     0     0
6280     12     0     1     0
6281      0     0     0     0
6282      4     0     0     0
6283     29     1     1     0
6284      4     0     0     0
6285      0     0     0     0
6286      1     0     0     0
6287     71     0     0     0
6288     68     0     0     0
6289      0     0     0     0
6290     30     1     0     1
6291     61     1     0     0
6292     55     0     0     0
6293     69     0     3     0
6294     21     0     1     2
6295     39     0     1     0
6296     29     0     0     0
6297      7     0     0     0
6298     46     1     0     0
6299     39     1     0     0
6300     18     1     0     0
6301     74     0     0     1
6302     21     0     0     0
6303     61     0     3     0
6304     34     0     0     1
6305     47     1     0     0
6306     44     2     1     0
6307     67     1     0     1
6308     47     1     0     0
6309     52     1     0     2
6310     33     2     0     1
6311     72     2     0     0
6312     59     1     1     0
6313     42     0     0     0
6314     67     0     0     0
6315     42     0     0     1
6316     47     0     1     0
6317     23     0     0     0
6318      0     0     0     0
6319     44     0     1     2
6320     49     2     0     0
6321     54     2     4     0
6322     13     0     0     1
6323     56     1     3     1
6324     42     0     0     0
6325     44     1     0     0
6326     72     1     1     0
6327     72     3     0     1
6328     26     1     0     0
6329     37     0     0     1
6330     38     2     0     0
6331     73     2     1     0
6332     26     1     0     0
6333     93     1     0     1
6334     58     0     2     0
6335     41     0     0     0
6336      0     0     0     0
6337      0     0     0     0
6338     23     2     1     1
6339     38     1     0     0
6340     15     0     0     0
6341     20     0     0     0
6342     25     0     0     1
6343     33     2     0     0
6344     31     0     0     0
6345     22     1     0     0
6346     39     0     0     0
6347      0     0     0     0
6348     60     1     2     0
6349      9     0     0     0
6350     32     1     0     0
6351      6     0     0     0
6352      0     0     0     0
6353      3     0     1     0
6354      0     0     0     0
6355      1     0     0     0
6356     43     2     0     0
6357     55     0     1     0
6358     85     0     0     0
6359     60     0     0     1
6360     43     0     1     0
6361     45     0     0     0
6362     41     0     0     1
6363     72     1     1     1
6364     33     2     0     0
6365     17     0     0     0
6366     16     0     0     0
6367     25     1     0     0
6368     39     1     0     0
6369     45     0     0     0
6370     31     1     0     1
6371    132     1     1     0
6372    312     0     3     2
6373    274     4     2     0
6374      8     0     0     0
6375     41     0     0     0
6376      5     0     0     0
6377    116     1     1     0
6378    120     1     1     3
6379     24     0     0     1
6380     34     0     0     0
6381     47     0     0     0
6382     18     3     0     0
6383     25     5     0     2
6384      5     1     0     1
6385     66     0     3     0
6386     64     0     0     1
6387    281     0     0     1
6388     80     1     0     0
6389     10     0     0     0
6390    103     1     0     0
6391    154     0     0     0
6392    159     2     0     1
6393    177     0     1     0
6394      7     0     0     0
6395     90     0     0     0
6396    197     0     0     1
6397    108     1     0     0
6398     25     0     0     0
6399      0     0     0     0
6400     17     0     0     0
6401     69     0     1     0
6402     53     0     1     0
6403    142     1     2     0
6404    182     0     1     1
6405      3     0     0     0
6406     68     0     0     0
6407    188     2     0     0
6408    413     1     0     1
6409    128     2     0     0
6410      6     0     0     0
6411    156     0     0     0
6412    239     1     1     1
6413    295     3     3     1
6414     49     0     0     0
6415    320     2     1     2
6416    150     1     0     1
6417    416     3     1     1
6418    359     0     2     1
6419    202     1     2     0
6420    143     1     0     0
6421    308     4     0     0
6422    154     1     0     1
6423    617     5     2     1
6424    588     3     1     1
6425    574     3     3     0
6426    404     3     2     3
6427    466     0     0     1
6428    273     1     1     0
6429    311     2     2     0
6430    172     0     0     0
6431    251     1     1     4
6432    438     6     1     0
6433    447     3     0     0
6434    349     2     1     3
6435    251     3     1     0
6436    124     0     1     0
6437    358     3     2     1
6438    262     2     1     1
6439    397     3     1     2
6440    353     1     0     0
6441     28     1     0     0
6442     15     0     2     0
6443     10     0     0     0
6444      0     0     0     0
6445    258     2     2     4
6446    241     2     2     0
6447     16     0     0     0
6448     45     0     1     2
6449     46     0     0     0
6450    236     1     3     1
6451     43     1     1     0
6452     37     0     1     0
6453     50     0     0     0
6454      0     0     0     0
6455      7     0     0     0
6456      0     0     0     0
6457     29     1     0     0
6458      0     0     0     0
6459    171     0     0     1
6460      0     0     0     0
6461      0     0     0     0
6462    142     2     2     2
6463     42     0     1     0
6464    167     1     0     3
6465    251     1     2     1
6466    386     6     1     1
6467    179     3     1     2
6468    192     2     0     0
6469    221     1     1     1
6470     88     6     2     1
6471    147     3     4     2
6472    237     1     3     1
6473      0     0     0     0
6474      2     0     0     0
6475    195     2     1     2
6476     97     6     1     0
6477    202     2     0     1
6478    132     3     0     0
6479    120     2     2     5
6480    168     1     0     1
6481    154    10     2     3
6482    114     5     7     1
6483     80     4     1     0
6484     10     0     0     0
6485    127     5     1     2
6486     43     2     2     1
6487     54     0     0     0
6488     54     3     3     3
6489     22     0     0     0
6490     59     1     2     0
6491     63     2     0     3
6492     84     4     3     6
6493     34     0     0     1
6494     37     1     1     1
6495     57     4     2     0
6496     77     3     2     1
6497     62     1     1     2
6498     36     0     0     0
6499    110     3     1     2
6500    166     3     4     3
6501    122     4     1     1
6502     29     0     1     1
6503     98     2     2     0
6504     47     1     1     1
6505     53     1     0     1
6506     20     1     0     0
6507      0     0     0     0
6508      8     0     1     0
6509     64     2     0     2
6510     74     2     1     1
6511      0     0     0     0
6512      7     0     0     0
6513     55     2     1     0
6514     12     1     0     0
6515      7     0     0     0
6516      0     0     0     0
6517     63     2     1     1
6518      0     0     0     0
6519    245     2     5     4
6520    316     2     4     1
6521    112     0     0     0
6522     43     0     0     0
6523    295     5     1     1
6524    312     3     2     5
6525    370     0     3     1
6526    495     3     0     1
6527    320     4     2     1
6528    285     7     4     2
6529     29     0     0     0
6530     73     2     1     1
6531    437     9     2     3
6532     41     0     2     0
6533     73     2     0     1
6534    300     2     0     1
6535     64     0     1     0
6536    144     1     1     3
6537     21     0     0     0
6538      5     0     0     1
6539    131     1     0     0
6540     89     0     1     0
6541    105     0     1     0
6542     42     0     0     1
6543      0     0     0     0
6544    351     5     1     1
6545      9     0     0     0
6546    396     3     1     2
6547    307     1     2     0
6548    439     0     0     2
6549     80     0     0     0
6550    195     0     2     0
6551    189     7     3     5
6552     73     0     0     0
6553    317     1     1     1
6554     51     2     1     2
6555     80     4     1     5
6556      5     0     0     0
6557     54     3     2     2
6558    141     4     2     5
6559      6     0     0     0
6560     44     3     2     0
6561     37     1     0     0
6562      8     3     0     0
6563     49     0     0     0
6564     29     0     0     0
6565     26     1     0     1
6566      7     1     0     0
6567     17     2     0     0
6568     49     2     0     2
6569     34     1     0     0
6570     43     2     1     0
6571      1     0     0     0
6572     16     0     0     0
6573     62     1     0     0
6574    223     3     1     1
6575    224     2     1     2
6576     29     0     0     0
6577     21     1     0     0
6578    127     0     2     0
6579     21     0     0     0
6580    181     4     0     5
6581     93     3     4     1
6582      0     0     0     0
6583    141     4     1     1
6584     46     0     0     0
6585     17     0     0     0
6586      9     4     0     0
6587    100     0     1     0
6588      4     0     0     0
6589      3     0     0     0
6590    255     2     4     1
6591     87     0     0     0
6592     18     0     0     0
6593    102     0     1     5
6594     77     1     0     0
6595     21     0     0     0
6596    226     1     1     1
6597     60     1     0     1
6598    123     0     0     2
6599     89     1     0     0
6600    101     0     1     0
6601    123     7     3     2
6602     94     0     0     1
6603     94     0     0     0
6604      1     0     0     0
6605      0     0     0     0
6606    244     2     2     1
6607      0     0     0     0
6608    219     3     2     3
6609     10     0     0     0
6610      6     1     0     0
6611    150     3     4    10
6612    169     3     2     2
6613    121     3     5     4
6614     45     1     0     2
6615      5     0     0     0
6616    134     5     0     3
6617    118     8     2     4
6618    143    12    13     5
6619    189    12     4     5
6620     29     5     4     1
6621     54     0     3     0
6622    112     4     3     2
6623    106     5     5     1
6624    186    11     7     2
6625     96     7     6     6
6626     16     0     0     1
6627     13     0     0     0
6628    114     1     3     0
6629    249     7     9     4
6630     50     2     2     2
6631    142     5     5     2
6632     67     1     2     0
6633     90     1     1     2
6634    354     4     4     3
6635     47     1     1     0
6636    207     7     6     4
6637     20     1     0     0
6638     15     3     2     1
6639     34     1     1     1
6640     62     6     4     1
6641    154     5     7     1
6642     23     0     0     0
6643     11     0     0     0
6644      1     0     0     1
6645      0     0     0     0
6646      5     0     0     0
6647      6     0     0     0
6648     13     0     1     0
6649      0     0     0     0
6650      0     0     0     0
6651     51     1     0     1
6652      1     0     0     0
6653     24     0     0     0
6654      1     0     0     0
6655      1     0     1     0
6656     14     0     0     0
6657      3     0     0     0
6658      0     0     0     0
6659      0     0     0     0
6660      1     0     0     0
6661      8     0     0     0
6662      7     0     0     0
6663      4     0     0     0
6664    120     4     0     0
6665     14     1     0     1
6666      0     0     0     0
6667    108     7     5     5
6668     57     3     1     3
6669     17     0     0     0
6670      0     1     0     0
6671      4     0     0     0
6672      1     0     0     0
6673      0     0     0     0
6674     16     0     6     0
6675     82     7     3     6
6676     73     1     1     3
6677     66     1     0     0
6678    111     2     0     2
6679    148     4     2     2
6680     36     0     0     0
6681     68     3     1     1
6682     33     1     0     0
6683    105     1     1     0
6684     22     2     0     0
6685     34     0     1     2
6686     76     5     4     2
6687     66     4     5     1
6688     23     1     1     1
6689     57     1     0     3
6690     50     2     0     1
6691     43     3     3     3
6692      2     0     0     0
6693    105     1     1     2
6694     50     2     2     0
6695    125     0     2     1
6696     30     1     1     0
6697    112     3     2     3
6698     89     1     1     0
6699     18     0     0     0
6700     35     0     2     0
6701     57     6     1     0
6702      0     0     0     0
6703     33     1     1     0
6704      6     0     0     0
6705     20     2     0     0
6706      6     0     0     0
6707     26     0     1     1
6708      4     0     0     1
6709     35     2     1     1
6710      0     0     0     0
6711      1     0     0     0
6712     23     0     1     0
6713     57     0     0     1
6714    104     3     2     7
6715     69     1     0     0
6716      0     0     0     0
6717     76     6     2     2
6718     73     2     3     1
6719     83     1     0     0
6720     43     2     1     1
6721     53     0     0     0
6722     47     0     0     0
6723     67     2     2     3
6724     44     1     3     0
6725      9     0     0     0
6726     22     0     3     0
6727     12     0     0     0
6728      9     0     0     0
6729     27     2     3     1
6730      6     0     0     0
6731     15     0     0     1
6732     23     1     0     1
6733     42     2     0     0
6734     64     1     0     0
6735     45     2     2     0
6736     48     2     2     0
6737     32     2     0     0
6738     42     0     0     0
6739     51     2     0     0
6740     27     0     0     0
6741     46     1     0     0
6742     22     0     0     0
6743     25     1     0     0
6744     23     0     0     0
6745     21     0     1     0
6746     14     0     0     0
6747     18     0     0     0
6748     22     0     0     0
6749      0     0     0     0
6750     19     0     0     0
6751     10     0     0     0
6752     43     0     1     0
6753      6     1     0     1
6754      3     0     0     0
6755      0     0     0     0
6756      0     0     0     0
6757     14     0     1     0
6758     67     0     0     0
6759     50     0     0     1
6760      1     0     0     0
6761      0     0     0     0
6762      3     0     0     0
6763     31     1     0     0
6764      2     0     0     0
6765     40     1     1     0
6766      0     0     0     0
6767      0     0     0     0
6768      1     0     0     0
6769      3     0     0     0
6770      5     0     0     2
6771      0     0     0     0
6772     31     0     1     1
6773      6     1     0     0
6774      0     0     0     0