1001 13 25  0  0.00  0  0  0  25  12
1002 29 59  0  0.00  0  1  2  59  30
2003 77 248  0  0.00  0  1  2  244  171
1004 149 349  0  0.00  0  1  3  345  200
1005 0 1  0  0.00  0  0  0  1  1
4006 4 7  0  0.00  0  0  0  7  3
2007 126 310  0  0.00  0  5  2  308  184
1008 1 2  0  0.00  0  0  0  2  1
1009 73 207  0  0.00  0  0  3  206  134
1010 1 5  0  0.00  0  0  0  5  4
1011 2 7  0  0.00  0  0  0  7  5
1012 85 177  0  0.00  0  3  1  175  92
1013 17 43  0  0.00  0  0  0  43  26
1014 20 81  0  0.00  0  0  0  81  61
1015 0 1  0  0.00  0  0  0  1  1
4016 47 220  0  0.00  0  0  6  216  173
4017 25 69  0  0.00  0  0  0  68  44
4018 32 152  0  0.00  0  0  2  148  120
1019 6 28  0  0.00  0  0  0  28  22
4020 63 146  0  0.00  0  0  3  143  83
1021 188 495  0  0.00  0  6  5  490  307
1022 96 253  0  0.00  0  1  0  247  157
1023 98 334  0  0.00  0  2  1  329  236
1024 89 324  0  0.00  0  6  3  320  235
1025 36 139  0  0.00  0  0  1  137  103
2026 113 269  0  0.00  0  1  1  263  156
2027 26 103  0  0.00  0  2  0  102  77
2028 64 163  0  0.00  0  0  1  162  99
2029 103 376  0  0.00  0  3  0  371  273
2030 70 159  0  0.00  0  3  4  157  89
2031 32 101  0  0.00  0  1  0  101  69
3032 107 228  0  0.00  0  0  4  225  121
2033 78 188  0  0.00  0  1  1  185  110
1034 153 517  0  0.00  0  5  2  512  364
3035 206 460  0  0.00  0  3  1  456  254
3036 53 150  0  0.00  0  2  2  147  97
3037 172 466  0  0.00  0  2  3  463  294
3038 146 307  0  0.00  0  4  3  306  161
3039 166 447  0  0.00  0  4  5  443  281
3040 101 252  0  0.00  0  3  4  250  151
3041 92 215  0  0.00  0  0  3  213  123
4042 33 104  0  0.00  0  0  1  103  71
3043 80 325  0  0.00  0  3  4  324  245
4044 191 546  0  0.00  0  3  5  542  355
4045 240 564  0  0.00  0  1  6  561  324
4046 263 513  0  0.00  0  6  7  508  250
4047 120 326  0  0.00  0  6  1  322  206
4048 1 10  0  0.00  0  0  0  10  9
3049 124 342  0  0.00  0  7  3  339  218
4050 5 10  0  0.00  0  0  0  10  5
4051 2 5  0  0.00  0  0  0  5  3
2052 65 182  0  0.00  0  0  0  181  117
4053 46 125  0  0.00  0  0  1  122  79
3054 145 432  0  0.00  0  4  4  430  287
2055 98 280  0  0.00  1  0  4  276  182
1056 2 2  0  0.00  0  0  0  1  0
4057 18 157  0  0.00  0  0  2  153  139
1058 1 1  0  0.00  0  0  0  1  0
1059 2 4  0  0.00  0  0  0  4  2
4060 13 77  0  0.00  0  0  1  77  64
1061 0 3  0  0.00  0  0  0  2  3
1062 14 103  0  0.00  0  2  0  102  89
3063 150 463  0  0.00  0  1  8  460  313
4064 2 2  0  0.00  0  0  0  2  0
4065 139 385  0  0.00  0  3  2  379  246
1066 19 52  0  0.00  0  1  1  51  33
4067 4 16  0  0.00  0  0  0  15  12
4068 10 25  0  0.00  0  0  0  25  15
4069 138 438  0  0.00  0  1  7  437  300
4070 159 386  0  0.00  0  6  3  385  227
4071 53 119  0  0.00  0  3  2  119  66
3072 115 300  0  0.00  0  0  0  299  185
1073 0 0  0  0.00  0  0  0  0  0
1074 1 3  0  0.00  0  0  0  3  2
1075 4 12  0  0.00  0  0  0  11  8
1076 19 128  0  0.00  0  1  3  125  109
4077 14 57  0  0.00  0  0  0  55  43
1078 1 5  0  0.00  0  0  0  5  4
1079 1 3  0  0.00  0  0  0  3  2
1080 1 5  0  0.00  0  0  0  4  4
1081 73 262  0  0.00  0  5  3  257  189
1082 11 40  0  0.00  0  0  0  38  29
1083 3 14  0  0.00  0  0  0  14  11
4084 2 12  0  0.00  0  1  0  12  10
1085 5 17  0  0.00  0  0  2  17  12
4086 205 633  0  0.00  0  0  9  619  428
4087 0 10  0  0.00  0  0  1  10  10
1088 7 23  0  0.00  0  0  0  22  16
1089 1 1  0  0.00  0  0  0  1  0
1090 2 6  0  0.00  0  0  1  6  4
4091 142 301  0  0.00  0  0  4  299  159
4092 9 21  0  0.00  0  0  0  20  12
4093 21 52  0  0.00  0  0  1  51  31
4094 24 101  0  0.00  0  2  1  99  77
1095 51 191  0  0.00  0  1  1  190  140
4096 11 52  0  0.00  0  0  0  52  41
4097 8 47  0  0.00  0  0  1  47  39
1098 5 6  0  0.00  0  0  0  6  1
1099 35 64  0  0.00  0  0  1  64  29
2100 36 98  0  0.00  0  0  1  98  62
4101 32 79  0  0.00  0  0  0  77  47
4102 30 94  0  0.00  0  2  4  94  64
1103 68 208  0  0.00  0  2  2  208  140
1104 11 33  0  0.00  0  0  0  32  22
1105 204 355  0  0.00  0  5  0  352  151
1106 1 1  0  0.00  0  0  0  1  0
4107 12 26  0  0.00  0  0  0  26  14
1108 47 179  0  0.00  0  0  1  177  132
1109 8 43  0  0.00  0  0  1  41  35
4110 2 13  0  0.00  0  0  1  13  11
1111 100 171  0  0.00  0  1  1  169  71
2112 116 396  0  0.00  0  3  2  390  280
4113 33 50  0  0.00  0  0  0  49  17
3114 119 290  0  0.00  0  3  2  287  171
4115 47 238  0  0.00  0  2  4  232  191
4116 91 376  0  0.00  0  1  1  365  285
1117 54 267  0  0.00  0  6  2  264  213
4118 41 129  0  0.00  0  1  0  127  88
1119 173 400  0  0.00  0  1  5  398  227
1120 3 5  0  0.00  0  0  0  5  2
4121 69 316  0  0.00  0  2  5  307  247
4122 26 63  0  0.00  1  1  0  60  37
4123 7 15  0  0.00  0  0  0  15  8
4124 29 148  0  0.00  0  2  1  146  119
4125 28 143  0  0.00  0  1  4  143  115
1126 56 145  0  0.00  1  2  2  143  89
1127 1 9  0  0.00  0  0  0  8  8
4128 89 276  0  0.00  0  0  3  272  187
4129 51 207  0  0.00  0  0  1  204  156
4130 200 572  0  0.00  0  3  4  567  372
3131 62 241  0  0.00  0  6  2  238  179
1132 2 5  0  0.00  0  0  0  5  3
1133 73 184  0  0.00  0  4  0  184  111
1134 3 51  0  0.00  0  0  0  50  48
4135 63 177  0  0.00  0  3  4  173  114
4136 43 166  0  0.00  0  1  4  163  123
4137 68 303  0  0.00  0  4  7  297  235
4138 32 93  0  0.00  0  1  3  92  61
3139 66 134  0  0.00  0  0  2  132  68
3140 127 289  0  0.00  0  3  0  285  162
4141 128 256  0  0.00  0  1  3  253  128
1142 89 192  0  0.00  0  0  1  190  103
2143 101 205  0  0.00  0  2  2  205  104
4144 31 154  0  0.00  0  0  2  148  123
2145 36 107  0  0.00  0  2  0  106  71
1146 112 231  0  0.00  0  0  1  229  119
2147 40 154  0  0.00  0  1  0  153  114
2148 31 87  0  0.00  0  1  0  87  56
1149 36 79  0  0.00  0  1  0  79  43
1150 50 125  0  0.00  0  1  2  124  75
1151 52 122  0  0.00  0  1  1  120  70
1152 3 7  0  0.00  0  0  0  6  4
1153 8 18  0  0.00  0  0  0  18  10
1154 0 7  0  0.00  0  0  0  7  7
4155 14 91  0  0.00  0  0  0  91  77
3156 183 351  0  0.00  0  1  1  346  168
3157 99 259  0  0.00  0  1  8  256  160
3158 65 312  0  0.00  0  1  0  312  247
4159 80 154  0  0.00  1  1  3  150  74
3160 76 188  0  0.00  0  2  3  184  112
2161 43 94  0  0.00  0  4  1  91  51
4162 33 74  0  0.00  0  0  0  72  41
4163 68 243  0  0.00  0  1  3  243  175
3164 55 217  0  0.00  0  1  1  214  162
1165 47 157  0  0.00  0  1  3  154  110
3166 66 183  0  0.00  0  4  0  182  117
1167 86 244  0  0.00  0  1  1  242  158
2168 44 139  0  0.00  0  2  1  138  95
2169 16 57  0  0.00  0  1  2  56  41
1170 80 207  0  0.00  1  1  5  205  127
2171 120 152  0  0.00  0  0  1  151  32
3172 149 356  0  0.00  0  4  4  351  207
2173 79 199  0  0.00  0  2  1  197  120
2174 123 306  0  0.00  0  0  2  306  183
1175 16 51  0  0.00  0  0  0  50  35
3176 171 368  0  0.00  0  6  6  365  197
3177 106 284  0  0.00  0  2  2  283  178
4178 181 534  0  0.00  0  6  5  527  353
4179 22 94  0  0.00  0  2  2  93  72
2180 0 2  0  0.00  0  0  0  2  2
2181 136 404  0  0.00  0  4  2  401  268
4182 133 608  0  0.00  0  3  7  603  475
3183 141 363  0  0.00  0  2  1  358  222
1184 14 33  0  0.00  0  0  0  32  19
1185 24 48  0  0.00  0  1  0  47  24
1186 15 158  0  0.00  0  0  3  152  143
3187 56 154  0  0.00  0  3  1  153  98
1188 0 1  0  0.00  0  0  0  1  1
1189 60 329  0  0.00  0  1  2  323  269
2190 51 130  0  0.00  0  2  2  128  79
4191 52 127  0  0.00  0  1  0  126  75
3192 34 138  0  0.00  0  1  0  137  104
3193 116 355  0  0.00  0  1  0  351  239
3194 80 228  0  0.00  0  0  4  225  148
4195 6 40  0  0.00  0  1  0  40  34
3196 156 350  0  0.00  0  4  1  346  194
3197 127 379  0  0.00  0  2  3  374  252
1198 10 26  0  0.00  0  0  0  26  16
3199 24 64  0  0.00  0  0  1  63  40
3200 134 312  0  0.00  0  1  3  308  178
4201 4 15  0  0.00  0  0  0  15  11
4202 36 140  0  0.00  0  1  2  138  104
4203 55 174  0  0.00  0  2  3  171  119
4204 100 252  0  0.00  0  2  3  251  152
2205 129 467  0  0.00  0  2  2  462  338
1206 167 424  0  0.00  0  6  4  418  257
1207 134 252  0  0.00  0  0  0  249  118
1208 302 711  0  0.00  0  5  3  708  409
3209 250 560  0  0.00  0  0  2  558  310
2210 18 58  0  0.00  0  1  2  58  40
1211 1 6  0  0.00  0  1  0  6  5
3212 100 258  0  0.00  0  0  1  257  158
3213 95 195  0  0.00  0  0  2  195  100
3214 125 308  0  0.00  0  3  6  308  183
3215 120 304  0  0.00  0  3  3  304  184
3216 95 303  0  0.00  0  1  4  302  208
2217 63 164  0  0.00  0  3  5  162  101
4218 38 111  0  0.00  0  2  0  109  73
2219 119 340  0  0.00  0  1  2  337  221
2220 172 428  0  0.00  0  4  4  423  256
2221 117 372  0  0.00  0  1  1  369  255
4222 15 75  0  0.00  0  0  0  74  60
2223 96 377  0  0.00  0  3  3  372  281
2224 64 136  0  0.00  0  0  1  135  72
2225 22 71  0  0.00  0  1  0  70  49
2226 51 88  0  0.00  0  0  1  86  37
1227 38 155  0  0.00  0  1  1  153  117
2228 142 427  0  0.00  0  4  2  422  285
2229 133 317  0  0.00  0  2  7  313  184
4230 175 477  0  0.00  0  1  1  470  302
4231 8 30  0  0.00  0  0  0  30  22
4232 78 270  0  0.00  0  0  1  264  192
4233 4 11  0  0.00  0  0  0  11  7
3234 101 392  0  0.00  0  6  1  392  291
2235 38 99  0  0.00  0  0  0  99  61
1236 17 80  0  0.00  0  0  1  78  63
1237 7 48  0  0.00  0  0  1  47  41
1238 99 258  0  0.00  0  3  1  255  159
1239 0 0  0  0.00  0  0  0  0  0
3240 79 221  0  0.00  0  2  3  221  142
1241 6 11  0  0.00  0  0  0  11  5
4242 34 78  0  0.00  0  0  0  76  44
4243 19 67  0  0.00  0  0  1  67  48
1244 21 62  0  0.00  0  0  0  62  41
1245 0 0  0  0.00  0  0  0  0  0
2246 98 201  0  0.00  0  1  2  197  103
3247 87 190  0  0.00  0  0  2  190  103
3248 254 634  0  0.00  0  1  2  629  380
3249 115 325  0  0.00  0  2  1  324  210
4250 76 203  0  0.00  0  1  3  201  127
1251 71 219  0  0.00  0  1  3  217  148
4252 44 152  0  0.00  0  1  0  151  108
4253 5 24  0  0.00  0  0  0  24  19
3254 72 256  0  0.00  0  2  2  256  184
1255 80 233  0  0.00  2  1  4  233  153
4256 6 23  0  0.00  0  0  0  23  17
1257 52 140  0  0.00  0  0  2  139  88
2258 28 78  0  0.00  0  0  0  77  50
4259 53 211  0  0.00  0  0  3  207  158
3260 100 254  0  0.00  0  2  3  253  154
4261 62 236  0  0.00  0  0  2  235  174
2262 40 153  0  0.00  0  3  1  153  113
2263 35 114  0  0.00  0  2  1  113  79
1264 147 329  0  0.00  0  3  1  325  182
1265 97 214  0  0.00  0  3  0  209  117
2266 193 462  0  0.00  0  4  2  458  269
2267 50 145  0  0.00  0  1  2  141  95
2268 43 87  0  0.00  0  0  2  85  44
2269 65 118  0  0.00  0  0  0  116  53
1270 26 69  0  0.00  0  0  0  68  43
1271 209 699  0  0.00  0  5  13  691  490
4272 15 35  0  0.00  0  0  0  35  20
1273 23 103  0  0.00  0  1  2  100  80
1274 0 0  0  0.00  0  0  0  0  0
2275 16 61  0  0.00  0  2  0  60  45
4276 59 202  0  0.00  0  0  1  201  143
1277 93 210  0  0.00  0  0  1  208  117
1278 19 53  0  0.00  0  0  0  51  34
1279 86 197  0  0.00  0  0  4  195  111
2280 128 356  0  0.00  0  0  2  353  228
2281 74 185  0  0.00  0  3  0  183  111
3282 160 310  0  0.00  0  1  2  308  150
3283 92 257  0  0.00  0  1  2  255  165
4284 16 28  0  0.00  0  0  0  28  12
4285 13 31  0  0.00  0  1  0  31  18
3286 118 298  0  0.00  0  0  1  297  180
3287 54 241  0  0.00  0  3  0  240  187
4288 1 1  0  0.00  0  0  0  1  0
3289 139 335  0  0.00  0  2  1  335  196
4290 125 274  0  0.00  0  2  1  272  149
1291 7 10  0  0.00  0  0  0  9  3
1292 29 84  0  0.00  0  2  1  83  55
1293 12 33  0  0.00  0  0  0  33  21
1294 82 260  0  0.00  1  0  3  254  178
1295 14 46  0  0.00  0  0  1  43  32
1296 211 434  0  0.00  0  2  5  429  223
1297 0 2  0  0.00  0  0  0  2  2
1298 24 106  0  0.00  0  0  1  106  82
1299 0 8  0  0.00  0  0  0  8  8
1300 69 181  0  0.00  0  2  4  178  112
1301 15 26  0  0.00  0  0  0  25  11
1302 5 17  0  0.00  0  0  0  17  12
2303 114 281  0  0.00  0  0  1  280  167
2304 149 403  0  0.00  0  3  0  397  254
2305 84 227  0  0.00  0  5  0  223  143
2306 145 360  0  0.00  0  5  5  358  215
2307 222 498  0  0.00  2  5  4  496  276
2308 78 175  0  0.00  0  0  0  174  97
2309 28 70  0  0.00  0  2  0  70  42
2310 90 617  0  0.00  0  4  10  605  527
1311 41 97  0  0.00  0  1  1  95  56
1312 12 33  0  0.00  0  0  1  33  21
2313 118 367  0  0.00  0  3  3  362  249
2314 170 511  0  0.00  1  5  4  507  341
2315 46 109  0  0.00  0  0  0  109  63
2316 74 166  0  0.00  0  0  1  165  92
2317 89 223  0  0.00  1  1  1  223  134
2318 90 270  0  0.00  0  1  3  267  180
2319 113 333  0  0.00  1  3  5  331  220
2320 43 148  0  0.00  0  0  0  145  105
3321 200 415  0  0.00  0  5  3  414  215
3322 117 361  0  0.00  1  3  4  356  244
3323 210 515  0  0.00  0  3  3  514  305
3324 137 317  0  0.00  0  2  2  315  180
3325 65 169  0  0.00  0  3  0  166  104
3326 28 90  0  0.00  0  1  1  90  62
3327 92 287  0  0.00  0  2  1  287  195
4328 47 126  0  0.00  0  0  1  124  79
3329 91 236  0  0.00  0  2  2  236  145
3330 92 218  0  0.00  0  0  3  213  126
3331 179 517  0  0.00  0  2  1  513  338
3332 93 246  0  0.00  0  3  1  245  153
3333 201 448  0  0.00  0  6  2  442  247
3334 77 263  0  0.00  0  3  1  261  186
3335 186 365  0  0.00  0  1  5  361  179
3336 67 180  0  0.00  0  0  3  178  113
1337 225 458  0  0.00  0  5  6  454  233
4338 85 297  0  0.00  0  1  2  297  212
1339 193 475  0  0.00  0  2  3  470  282
4340 140 280  0  0.00  0  1  3  275  140
1341 1 1  0  0.00  0  0  0  1  0
4342 137 456  0  0.00  0  4  5  450  319
4343 93 289  0  0.00  0  2  0  285  196
4344 94 230  0  0.00  0  1  0  228  136
4345 13 74  0  0.00  0  2  1  73  61
1346 1 4  0  0.00  0  0  0  4  3
1347 319 725  0  0.00  1  7  4  719  406
1348 20 42  0  0.00  0  1  0  42  22
1349 4 5  0  0.00  0  0  0  5  1
4350 26 157  0  0.00  0  0  4  154  131
1351 0 0  0  0.00  0  0  0  0  0
2352 187 388  0  0.00  0  6  0  385  201
2353 37 89  0  0.00  0  1  1  89  52
2354 40 167  0  0.00  1  0  2  167  127
2355 57 151  0  0.00  0  3  1  150  94
2356 159 366  0  0.00  0  2  5  363  207
2357 133 326  0  0.00  0  0  3  325  193
2358 102 319  0  0.00  0  1  3  318  217
3359 113 267  0  0.00  0  1  1  267  154
2360 272 683  0  0.00  0  6  5  679  411
3361 94 262  0  0.00  0  1  1  261  168
4362 0 2  0  0.00  0  0  0  2  2
3363 142 440  0  0.00  0  0  5  437  298
3364 36 68  0  0.00  0  1  0  68  32
3365 149 438  0  0.00  0  0  3  432  289
3366 0 0  0  0.00  0  0  0  0  0
3367 4 39  0  0.00  0  0  0  39  35
3368 48 139  0  0.00  0  3  1  139  91
4369 126 387  0  0.00  0  0  6  385  261
4370 0 0  0  0.00  0  0  0  0  0
4371 47 102  0  0.00  0  2  0  102  55
3372 143 497  0  0.00  0  3  3  496  354
4373 9 15  0  0.00  0  0  0  15  6
4374 64 204  0  0.00  0  8  1  201  140
4375 114 322  0  0.00  0  2  3  318  208
1376 0 1  0  0.00  0  0  0  1  1
1377 214 498  0  0.00  1  2  4  495  284
1378 92 297  0  0.00  1  0  4  296  205
2379 95 257  0  0.00  0  0  5  256  162
1380 77 180  0  0.00  0  1  2  177  103
2381 65 159  0  0.00  0  2  0  159  94
3382 16 56  0  0.00  0  2  1  56  40
2383 66 198  0  0.00  0  5  3  196  132
3384 81 190  0  0.00  0  1  1  188  109
3385 190 442  0  0.00  0  5  3  441  252
3386 197 558  0  0.00  0  5  2  557  361
3387 129 343  0  0.00  0  6  2  342  214
1388 46 118  0  0.00  0  0  1  117  72
3389 93 272  0  0.00  0  2  2  272  179
3390 191 562  0  0.00  0  1  4  559  371
3391 84 177  0  0.00  0  1  0  176  93
3392 112 330  0  0.00  0  1  2  329  218
2393 38 78  0  0.00  0  3  1  77  40
4394 23 43  0  0.00  0  0  0  42  20
4395 34 73  0  0.00  0  1  0  73  39
3396 195 443  0  0.00  0  5  2  441  248
4397 18 59  0  0.00  0  0  0  58  41
3398 57 169  0  0.00  0  3  1  168  112
3399 12 37  0  0.00  0  3  0  37  25
4400 11 33  0  0.00  0  0  0  33  22
2401 23 48  0  0.00  0  0  1  48  25
2402 1 2  0  0.00  0  0  0  2  1
2403 0 0  0  0.00  0  0  0  0  0
3404 6 15  0  0.00  0  0  0  15  9
2405 73 269  0  0.00  0  1  0  269  196
3406 0 0  0  0.00  0  0  0  0  0
3407 4 8  0  0.00  0  0  0  8  4
1408 7 36  0  0.00  0  0  0  36  29
3409 0 4  0  0.00  0  0  0  4  4
4410 79 243  0  0.00  0  1  4  243  164
2411 1 7  0  0.00  0  0  0  7  6
2412 0 6  0  0.00  0  0  0  6  6
2413 7 16  0  0.00  0  0  0  16  9
3414 2 4  0  0.00  0  0  1  4  2
1415 9 21  0  0.00  0  0  0  20  12
3416 0 7  0  0.00  0  0  0  7  7
3417 15 48  0  0.00  0  0  1  48  33
4418 0 0  0  0.00  0  0  0  0  0
1419 0 0  0  0.00  0  0  0  0  0
1420 0 0  0  0.00  0  0  0  0  0
3421 85 228  0  0.00  0  2  0  224  143
3422 144 407  0  0.00  0  4  1  406  263
1423 229 514  0  0.00  0  1  3  512  285
3424 93 188  0  0.00  0  0  1  188  95
2425 92 191  0  0.00  0  0  1  190  99
2426 125 314  0  0.00  0  2  4  311  189
2427 0 0  0  0.00  0  0  0  0  0
1428 1 7  0  0.00  0  0  0  7  6
4429 12 22  0  0.00  0  0  0  22  10
3430 0 0  0  0.00  0  0  0  0  0
2431 0 0  0  0.00  0  0  0  0  0
4432 0 0  0  0.00  0  0  0  0  0
3433 22 63  0  0.00  0  0  1  62  41
4434 0 3  0  0.00  0  0  0  3  3
1435 10 46  0  0.00  0  0  0  45  36
4436 1 11  0  0.00  0  0  0  11  10
1437 20 97  0  0.00  0  1  2  97  77
2438 59 160  0  0.00  0  1  3  159  101
2439 3 8  0  0.00  0  0  0  8  5
1440 21 62  0  0.00  0  1  0  61  41
3441 4 12  0  0.00  0  0  0  12  8
3442 7 26  0  0.00  0  0  1  26  19
3443 88 349  0  0.00  0  3  3  347  261
2444 0 0  0  0.00  0  0  0  0  0
3445 2 3  0  0.00  0  0  0  3  1
1446 1 3  0  0.00  0  0  0  3  2
1447 1 1  0  0.00  0  0  0  1  0
2448 71 187  0  0.00  0  0  2  186  116
2449 39 128  0  0.00  0  3  2  128  89
2450 27 108  0  0.00  0  2  2  108  81
2451 1 2  0  0.00  0  0  0  2  1
4452 24 77  0  0.00  0  0  2  76  53
2453 3 24  0  0.00  0  0  0  24  21
4454 134 532  0  0.00  0  5  1  528  398
3455 10 41  0  0.00  0  1  0  41  31
4456 62 202  0  0.00  0  2  3  200  140
3457 0 0  0  0.00  0  0  0  0  0
4458 0 0  0  0.00  0  0  0  0  0
1459 33 115  0  0.00  0  1  2  114  82
1460 45 142  0  0.00  0  1  2  139  97
2461 19 50  0  0.00  0  0  1  50  31
2462 47 104  0  0.00  0  1  0  101  57
1463 38 68  0  0.00  0  0  0  68  30
2464 29 64  0  0.00  0  0  1  64  35
3465 130 422  0  0.00  0  1  1  422  292
2466 39 88  0  0.00  0  0  2  85  49
2467 89 185  0  0.00  0  0  2  185  96
2468 113 267  0  0.00  0  3  1  267  154
3469 88 187  0  0.00  0  4  0  185  99
3470 2 16  0  0.00  0  0  0  16  14
3471 108 256  0  0.00  0  2  0  256  148
1472 0 0  0  0.00  0  0  0  0  0
1473 2 9  0  0.00  0  0  0  9  7
1474 3 8  0  0.00  0  0  0  8  5
1475 2 4  0  0.00  0  0  0  4  2
1476 2 3  0  0.00  0  0  0  3  1
1477 1 4  0  0.00  0  0  0  4  3
1478 16 92  0  0.00  0  2  0  92  76
1479 4 14  0  0.00  0  0  0  14  10
1480 57 163  0  0.00  0  4  1  162  106
1481 2 5  0  0.00  0  1  0  5  3
1482 3 8  0  0.00  0  0  0  8  5
1483 2 3  0  0.00  0  0  0  3  1
2484 9 63  0  0.00  0  0  0  63  54
1485 0 0  0  0.00  0  0  0  0  0
3486 211 626  0  0.00  0  3  1  622  415
1487 0 1  0  0.00  0  0  0  1  1
2488 48 202  0  0.00  0  7  2  199  154
1489 37 99  0  0.00  0  1  1  99  62
1490 6 22  0  0.00  0  0  1  22  16
3491 2 4  0  0.00  0  0  0  4  2
4492 0 1  0  0.00  0  0  0  1  1
4493 11 32  0  0.00  0  2  0  32  21
4494 0 0  0  0.00  0  0  0  0  0
4495 4 8  0  0.00  0  0  0  8  4
4496 14 26  0  0.00  0  2  0  23  12
4497 44 170  0  0.00  0  1  3  169  126
4498 43 123  0  0.00  0  0  1  123  80
4499 64 184  0  0.00  0  0  2  183  120
1500 0 0  0  0.00  0  0  0  0  0
4501 1 1  0  0.00  0  0  0  1  0
1502 0 1  0  0.00  0  0  0  1  1
4503 18 53  0  0.00  0  0  2  53  35
1504 93 341  0  0.00  0  7  1  340  248
2505 92 231  0  0.00  0  0  2  228  139
2506 96 240  0  0.00  0  3  4  239  144
3507 80 216  0  0.00  0  0  1  215  136
4508 56 246  0  0.00  0  2  0  246  190
3509 54 184  0  0.00  0  1  0  182  130
3510 242 508  0  0.00  0  4  2  507  266
3511 78 196  0  0.00  0  2  2  194  118
4512 0 0  0  0.00  0  0  0  0  0
2513 0 0  0  0.00  0  0  0  0  0
1514 0 0  0  0.00  0  0  0  0  0
1515 2 6  0  0.00  0  0  0  6  4
3516 137 363  0  0.00  0  0  1  361  226
3517 96 194  0  0.00  0  1  4  193  98
4518 2 14  0  0.00  0  1  0  14  12
2519 46 77  0  0.00  0  3  1  77  31
2520 65 207  0  0.00  0  3  2  203  142
2521 49 145  0  0.00  0  5  2  143  96
2522 153 311  0  0.00  0  1  3  310  158
2523 41 91  0  0.00  0  0  0  91  50
2524 175 450  0  0.00  0  1  1  446  275
2525 44 63  0  0.00  0  0  0  61  19
3526 73 161  0  0.00  0  0  0  160  88
3527 135 328  0  0.00  0  0  2  325  193
4528 97 391  0  0.00  0  2  3  387  294
3529 100 256  0  0.00  0  0  2  256  156
3530 118 328  0  0.00  0  3  1  328  210
4531 103 398  0  0.00  0  5  4  396  295
4532 73 258  0  0.00  0  2  2  254  185
4533 49 144  0  0.00  0  1  1  143  95
4534 110 346  0  0.00  0  1  3  345  236
2535 82 236  0  0.00  0  3  2  235  154
2536 68 205  0  0.00  0  0  2  204  137
2537 36 101  0  0.00  0  2  0  98  65
3538 74 175  0  0.00  0  0  1  174  101
3539 0 3  0  0.00  0  0  0  3  3
4540 96 289  0  0.00  1  5  3  285  193
2541 55 160  0  0.00  0  1  1  158  105
3542 144 333  0  0.00  0  6  0  328  189
3543 70 223  0  0.00  0  1  0  223  153
2544 0 0  0  0.00  0  0  0  0  0
3545 134 321  0  0.00  0  1  1  321  187
2546 0 1  0  0.00  0  0  0  1  1
1547 0 0  0  0.00  0  0  0  0  0
2548 83 198  0  0.00  0  4  1  197  115
3549 17 38  0  0.00  0  0  0  38  21
2550 0 0  0  0.00  0  0  0  0  0
4551 195 679  0  0.00  1  5  5  671  484
3552 101 316  0  0.00  0  0  1  316  215
2553 42 76  0  0.00  0  0  2  75  34
3554 126 410  0  0.00  0  3  2  406  284
1555 0 0  0  0.00  0  0  0  0  0
2556 86 321  0  0.00  0  5  2  315  235
2557 158 471  0  0.00  0  7  3  469  313
3558 175 404  0  0.00  0  4  1  402  229
3559 136 290  0  0.00  0  2  0  290  154
1560 0 0  0  0.00  0  0  0  0  0
3561 0 0  0  0.00  0  0  0  0  0
3562 4 15  0  0.00  0  2  0  15  11
4563 0 0  0  0.00  0  0  0  0  0
3564 0 0  0  0.00  0  0  0  0  0
1565 0 0  0  0.00  0  0  0  0  0
3566 0 0  0  0.00  0  0  0  0  0
1567 2 5  0  0.00  0  0  0  5  3
1568 1 6  0  0.00  0  0  0  6  5
2569 7 24  0  0.00  1  0  0  22  17
3570 51 188  0  0.00  0  0  2  188  137
2571 0 0  0  0.00  0  0  0  0  0
1572 0 1  0  0.00  0  0  0  1  1
1573 1 3  0  0.00  0  0  1  3  2
3574 0 0  0  0.00  0  0  0  0  0
3575 0 0  0  0.00  0  0  0  0  0
3576 0 1  0  0.00  0  0  0  1  1
4577 3 6  0  0.00  0  0  0  5  3
4578 0 0  0  0.00  0  0  0  0  0
3579 35 113  0  0.00  0  1  1  113  78
3580 0 0  0  0.00  0  0  0  0  0
2581 61 164  0  0.00  0  2  5  164  103
3582 0 0  0  0.00  0  0  0  0  0
3583 0 0  0  0.00  0  0  0  0  0
3584 0 0  0  0.00  0  0  0  0  0
3585 0 0  0  0.00  0  0  0  0  0
3586 0 0  0  0.00  0  0  0  0  0
4587 0 0  0  0.00  0  0  0  0  0
3588 115 399  0  0.00  0  2  1  398  284
3589 0 0  0  0.00  0  0  0  0  0
3590 0 0  0  0.00  0  0  0  0  0
4591 77 173  0  0.00  0  0  0  172  96
1592 0 1  0  0.00  0  0  0  1  1
1593 0 0  0  0.00  0  0  0  0  0
1594 0 0  0  0.00  0  0  0  0  0
1595 0 0  0  0.00  0  0  0  0  0
1596 0 0  0  0.00  0  0  0  0  0
1597 10 17  0  0.00  0  0  0  17  7
1598 0 0  0  0.00  0  0  0  0  0
3599 22 65  0  0.00  0  0  1  65  43
1600 1 1  0  0.00  0  0  0  1  0
1601 0 0  0  0.00  0  0  0  0  0
1602 0 0  0  0.00  0  0  0  0  0
1603 6 13  0  0.00  0  0  0  12  7
1604 2 5  0  0.00  0  0  0  5  3
1605 0 0  0  0.00  0  0  0  0  0
1606 1 5  0  0.00  0  0  0  5  4
1607 0 0  0  0.00  0  0  0  0  0
2608 3 12  0  0.00  0  0  0  12  9
2609 0 0  0  0.00  0  0  0  0  0
2610 0 0  0  0.00  0  0  0  0  0
2611 0 0  0  0.00  0  0  0  0  0
2612 0 0  0  0.00  0  0  0  0  0
2613 5 36  0  0.00  0  1  0  36  31
2614 2 2  0  0.00  0  0  0  2  0
1615 0 0  0  0.00  0  0  0  0  0
2616 0 0  0  0.00  0  0  0  0  0
2617 0 0  0  0.00  0  0  0  0  0
2618 0 0  0  0.00  0  0  0  0  0
2619 0 0  0  0.00  0  0  0  0  0
4620 4 5  0  0.00  0  0  1  5  1
3621 0 0  0  0.00  0  0  0  0  0
4622 0 0  0  0.00  0  0  0  0  0
3623 11 31  0  0.00  0  1  0  31  20
3624 16 21  0  0.00  0  0  0  21  5
3625 0 0  0  0.00  0  0  0  0  0
3626 13 44  0  0.00  0  0  0  43  31
3627 2 2  0  0.00  0  0  0  2  0
3628 0 0  0  0.00  0  0  0  0  0
4629 0 0  0  0.00  0  0  0  0  0
4630 0 0  0  0.00  0  0  0  0  0
3631 0 0  0  0.00  0  0  0  0  0
4632 0 0  0  0.00  0  0  0  0  0
3633 1 1  0  0.00  0  0  0  1  0
3634 4 6  0  0.00  0  0  0  6  2
2635 43 198  0  0.00  0  1  2  197  155
2636 91 232  0  0.00  0  0  0  228  141
3637 107 344  0  0.00  0  4  2  340  237
4638 79 172  0  0.00  0  0  2  168  93