1001 13 25  0  0  1  0  1  13  0.00  0  9  1  12
1002 29 59  0  0  1  1  0  43  0.00  0  10  1  30
2003 77 248  0  0  2  2  4  129  0.00  2  93  9  171
1004 149 349  0  0  1  3  3  191  0.00  0  124  19  200
1005 0 1  0  0  0  0  0  1  0.00  0  0  0  1
4006 4 7  0  0  0  1  0  6  0.00  0  0  0  3
2007 126 310  0  0  1  3  3  148  0.00  0  133  13  184
1008 1 2  0  0  0  0  0  1  0.00  0  0  1  1
1009 73 207  0  0  0  1  3  119  0.00  0  79  1  134
1010 1 5  0  0  0  0  0  2  0.00  0  2  1  4
1011 2 7  0  0  0  0  0  2  0.00  0  4  1  5
1012 85 177  0  0  0  3  4  66  0.00  1  77  20  92
1013 17 43  0  0  1  0  0  19  0.00  0  22  1  26
1014 20 81  0  0  0  0  0  29  0.00  0  51  1  61
1015 0 1  0  0  0  0  0  0  0.00  0  1  0  1
4016 47 220  0  0  2  0  2  131  0.00  0  63  12  173
4017 25 69  0  0  0  0  0  23  0.00  2  40  3  44
4018 32 152  0  0  1  4  0  54  0.00  0  86  1  120
1019 6 28  0  0  0  0  0  11  0.00  0  14  3  22
4020 63 146  0  0  0  0  2  61  0.00  0  71  6  83
1021 188 495  0  0  7  12  5  231  0.00  4  192  28  307
1022 96 253  0  0  0  1  10  115  0.00  1  94  25  157
1023 98 334  0  0  3  5  3  139  0.00  2  164  10  236
1024 89 324  0  0  0  4  10  125  0.00  2  151  19  235
1025 36 139  0  0  1  2  3  68  0.00  1  55  6  103
2026 113 269  0  0  0  2  6  145  0.00  2  90  16  156
2027 26 103  0  0  2  0  1  36  0.00  0  56  5  77
2028 64 163  0  0  3  3  5  76  0.00  1  66  7  99
2029 103 376  0  0  1  1  4  171  0.00  1  175  15  273
2030 70 159  0  0  2  3  5  49  0.00  1  82  8  89
2031 32 101  0  0  0  2  0  43  0.00  1  48  6  69
3032 107 228  0  0  0  4  5  99  0.00  0  105  8  121
2033 78 188  0  0  1  1  2  73  0.00  0  102  4  110
1034 153 517  0  0  1  1  4  236  0.00  1  247  15  364
3035 206 460  0  0  1  1  6  251  0.00  1  170  22  254
3036 53 150  0  0  0  0  2  63  0.00  0  68  10  97
3037 172 466  0  0  0  1  6  239  0.00  3  199  10  294
3038 146 307  0  0  1  3  7  154  0.00  1  116  17  161
3039 166 447  0  0  1  5  12  220  0.00  2  174  20  281
3040 101 252  0  0  0  0  1  122  0.00  1  106  13  151
3041 92 215  0  1  0  0  2  98  0.00  0  102  7  123
4042 33 104  0  0  1  1  1  45  0.00  0  46  8  71
3043 80 325  0  0  0  2  8  123  0.00  5  172  7  245
4044 191 546  0  1  2  9  10  212  0.00  2  279  19  355
4045 240 564  0  0  2  3  16  253  0.00  2  255  23  324
4046 263 513  0  1  3  5  7  244  0.00  2  210  23  250
4047 120 326  0  0  2  5  2  153  0.00  4  133  16  206
4048 1 10  0  0  0  0  0  4  0.00  0  6  0  9
3049 124 342  0  0  1  3  7  143  0.00  2  156  17  218
4050 5 10  0  0  0  0  0  6  0.00  0  4  0  5
4051 2 5  0  0  0  0  0  0  0.00  0  5  0  3
2052 65 182  0  0  0  2  5  82  0.00  2  71  19  117
4053 46 125  0  0  1  0  1  47  0.00  0  57  15  79
3054 145 432  0  0  2  5  10  194  0.00  2  191  18  287
2055 98 280  0  0  1  1  5  158  0.00  1  90  15  182
1056 2 2  0  0  0  0  0  0  0.00  0  1  0  0
4057 18 157  0  1  1  1  3  104  0.00  0  37  4  139
1058 1 1  0  0  0  0  0  0  0.00  0  0  1  0
1059 2 4  0  0  0  0  0  1  0.00  0  3  0  2
4060 13 77  0  0  0  0  2  29  0.00  1  30  14  64
1061 0 3  0  0  0  0  0  2  0.00  0  0  0  3
1062 14 103  0  0  0  0  1  59  0.00  2  24  14  89
3063 150 463  0  0  1  4  6  200  0.00  1  217  22  313
4064 2 2  0  0  0  0  0  2  0.00  0  0  0  0
4065 139 385  0  0  3  3  12  155  0.00  1  188  12  246
1066 19 52  0  1  0  0  2  21  0.00  0  20  5  33
4067 4 16  0  0  0  0  0  9  0.00  0  6  0  12
4068 10 25  0  0  2  0  0  10  0.00  0  11  2  15
4069 138 438  0  0  0  3  8  198  0.00  2  194  24  300
4070 159 386  0  0  1  0  7  249  0.00  0  105  14  227
4071 53 119  0  0  0  1  5  67  0.00  1  34  6  66
3072 115 300  0  0  0  1  8  155  0.00  1  124  10  185
1073 0 0  0  0  0  0  0  0  0.00  0  0  0  0
1074 1 3  0  0  0  0  0  2  0.00  0  1  0  2
1075 4 12  0  0  1  0  0  5  0.00  0  1  4  8
1076 19 128  0  0  0  2  3  61  0.00  0  42  13  109
4077 14 57  0  0  1  0  0  25  0.00  0  22  7  43
1078 1 5  0  0  0  0  1  0  0.00  0  4  0  4
1079 1 3  0  0  1  0  0  2  0.00  0  0  0  2
1080 1 5  0  0  0  0  0  2  0.00  0  2  0  4
1081 73 262  0  0  1  1  3  162  0.00  0  64  18  189
1082 11 40  0  0  0  0  0  18  0.00  0  19  1  29
1083 3 14  0  0  0  0  1  6  0.00  0  7  0  11
4084 2 12  0  0  0  0  0  6  0.00  0  4  1  10
1085 5 17  0  0  0  0  0  5  0.00  0  10  0  12
4086 205 633  0  0  3  4  10  468  0.00  1  107  17  428
4087 0 10  0  0  0  0  1  5  0.00  0  3  0  10
1088 7 23  0  0  0  0  0  7  0.00  0  13  2  16
1089 1 1  0  0  0  0  0  1  0.00  0  0  0  0
1090 2 6  0  0  0  0  0  0  0.00  0  3  2  4
4091 142 301  0  0  0  2  4  158  0.00  1  115  15  159
4092 9 21  0  0  0  0  0  13  0.00  0  4  3  12
4093 21 52  0  1  1  0  0  25  0.00  0  22  1  31
4094 24 101  0  0  1  3  1  41  0.00  1  36  13  77
1095 51 191  0  0  2  1  0  137  0.00  0  39  9  140
4096 11 52  0  0  0  0  0  25  0.00  1  14  12  41
4097 8 47  0  0  0  1  2  11  0.00  0  29  3  39
1098 5 6  0  0  0  0  0  1  0.00  0  5  0  1
1099 35 64  0  1  0  0  0  30  0.00  0  29  3  29
2100 36 98  0  0  1  1  2  39  0.00  0  49  5  62
4101 32 79  0  0  0  0  1  38  0.00  0  33  5  47
4102 30 94  0  0  1  0  0  31  0.00  1  46  9  64
1103 68 208  0  0  0  2  6  83  0.00  0  108  5  140
1104 11 33  0  0  0  0  0  17  0.00  0  15  0  22
1105 204 355  0  1  1  3  1  220  0.00  1  104  16  151
1106 1 1  0  0  0  0  0  1  0.00  0  0  0  0
4107 12 26  0  0  0  0  0  15  0.00  0  11  0  14
1108 47 179  0  2  1  1  7  107  0.00  1  44  13  132
1109 8 43  0  1  0  0  0  16  0.00  0  18  5  35
4110 2 13  0  0  0  0  1  4  0.00  0  5  2  11
1111 100 171  0  0  0  1  4  70  0.00  2  82  8  71
2112 116 396  0  0  1  2  12  194  0.00  1  157  18  280
4113 33 50  0  0  1  0  0  32  0.00  1  13  2  17
3114 119 290  0  0  5  2  5  123  0.00  1  127  19  171
4115 47 238  0  0  1  0  9  176  0.00  0  30  10  191
4116 91 376  0  0  1  2  11  223  0.00  2  95  29  285
1117 54 267  0  0  0  5  3  149  0.00  2  83  14  213
4118 41 129  0  0  2  2  2  86  0.00  0  23  11  88
1119 173 400  0  0  1  0  7  188  0.00  0  178  18  227
1120 3 5  0  0  0  0  0  0  0.00  0  5  0  2
4121 69 316  0  0  2  3  2  146  0.00  0  130  17  247
4122 26 63  0  0  0  0  0  30  0.00  0  27  1  37
4123 7 15  0  0  1  0  0  11  0.00  0  3  0  8
4124 29 148  0  0  1  0  1  85  0.00  0  51  5  119
4125 28 143  0  0  0  2  5  63  0.00  0  60  8  115
1126 56 145  0  0  1  0  6  58  0.00  0  65  8  89
1127 1 9  0  0  0  0  0  2  0.00  0  6  0  8
4128 89 276  0  0  0  3  1  123  0.00  1  125  16  187
4129 51 207  0  0  0  3  4  136  0.00  0  55  5  156
4130 200 572  0  0  3  6  14  380  0.00  0  127  30  372
3131 62 241  0  0  1  2  0  117  0.00  3  102  5  179
1132 2 5  0  0  0  0  0  2  0.00  0  2  1  3
1133 73 184  0  0  1  1  0  94  0.00  1  77  6  111
1134 3 51  0  0  0  1  1  6  0.00  0  42  0  48
4135 63 177  0  0  3  2  4  91  0.00  0  57  9  114
4136 43 166  0  0  1  1  2  85  0.00  2  59  8  123
4137 68 303  0  0  1  2  3  207  0.00  2  60  11  235
4138 32 93  0  0  1  3  2  39  0.00  0  40  3  61
3139 66 134  0  1  1  0  3  47  0.00  0  73  5  68
3140 127 289  0  1  1  1  3  118  0.00  0  141  17  162
4141 128 256  0  1  3  1  1  113  0.00  0  118  12  128
1142 89 192  0  0  1  2  2  108  0.00  0  63  13  103
2143 101 205  0  1  0  3  7  102  0.00  1  77  10  104
4144 31 154  0  0  2  1  2  71  0.00  2  59  9  123
2145 36 107  0  0  1  0  3  55  0.00  0  41  4  71
1146 112 231  0  0  3  1  7  134  0.00  1  74  8  119
2147 40 154  0  0  2  0  0  74  0.00  1  69  6  114
2148 31 87  0  0  3  1  2  41  0.00  0  37  2  56
1149 36 79  0  0  2  1  3  31  0.00  0  40  1  43
1150 50 125  0  0  1  0  1  50  0.00  1  66  2  75
1151 52 122  0  0  1  0  1  76  0.00  1  37  2  70
1152 3 7  0  0  0  0  0  5  0.00  0  1  0  4
1153 8 18  0  0  0  0  1  9  0.00  0  7  1  10
1154 0 7  0  0  0  0  0  5  0.00  0  1  1  7
4155 14 91  0  0  0  3  1  19  0.00  0  62  6  77
3156 183 351  0  0  1  5  9  182  0.00  3  132  12  168
3157 99 259  0  0  0  4  4  108  0.00  0  115  16  160
3158 65 312  0  1  2  4  7  126  0.00  1  157  13  247
4159 80 154  0  0  2  2  1  56  0.00  1  82  1  74
3160 76 188  0  0  4  3  2  68  0.00  1  94  7  112
2161 43 94  0  0  0  0  0  44  0.00  0  36  6  51
4162 33 74  0  0  0  1  4  33  0.00  0  32  2  41
4163 68 243  0  0  2  3  6  131  0.00  0  85  12  175
3164 55 217  0  0  0  2  2  78  0.00  0  117  13  162
1165 47 157  0  0  0  0  4  76  0.00  0  68  2  110
3166 66 183  0  0  0  1  1  75  0.00  2  90  9  117
1167 86 244  0  0  0  3  1  145  0.00  0  83  8  158
2168 44 139  0  0  1  3  3  56  0.00  1  58  13  95
2169 16 57  0  1  3  0  1  28  0.00  0  18  2  41
1170 80 207  0  0  1  3  4  104  0.00  0  75  11  127
2171 120 152  0  0  2  1  8  87  0.00  1  48  3  32
3172 149 356  0  1  0  2  7  152  0.00  2  171  8  207
2173 79 199  0  0  1  3  3  121  0.00  0  58  8  120
2174 123 306  0  0  1  5  4  144  0.00  1  132  17  183
1175 16 51  0  0  0  0  2  23  0.00  1  23  1  35
3176 171 368  0  0  4  6  5  154  0.00  1  163  20  197
3177 106 284  0  0  1  4  3  123  0.00  1  137  10  178
4178 181 534  0  0  4  4  26  330  0.00  1  131  20  353
4179 22 94  0  0  1  0  2  40  0.00  0  40  6  72
2180 0 2  0  0  0  0  0  2  0.00  0  0  0  2
2181 136 404  0  0  0  8  7  197  0.00  1  164  18  268
4182 133 608  0  0  3  6  8  401  0.00  1  152  22  475
3183 141 363  0  0  2  1  10  154  0.00  2  178  8  222
1184 14 33  0  0  0  1  0  9  0.00  0  21  1  19
1185 24 48  0  0  1  0  1  20  0.00  0  19  5  24
1186 15 158  0  0  0  2  3  98  0.00  2  42  2  143
3187 56 154  0  0  1  3  0  54  0.00  1  81  9  98
1188 0 1  0  0  0  0  0  0  0.00  1  0  0  1
1189 60 329  0  0  0  2  11  130  0.00  0  172  5  269
2190 51 130  0  1  0  0  3  46  0.00  0  64  10  79
4191 52 127  0  0  1  2  4  49  0.00  1  65  3  75
3192 34 138  0  0  0  1  0  53  0.00  0  80  2  104
3193 116 355  0  0  1  2  13  168  0.00  0  152  14  239
3194 80 228  0  0  0  2  1  82  0.00  0  127  9  148
4195 6 40  0  0  0  0  0  19  0.00  0  19  1  34
3196 156 350  0  0  0  4  6  151  0.00  1  161  18  194
3197 127 379  0  1  5  7  4  135  0.00  0  191  26  252
1198 10 26  0  0  0  1  3  14  0.00  0  8  0  16
3199 24 64  0  0  1  0  0  26  0.00  0  32  3  40
3200 134 312  0  0  1  1  4  156  0.00  2  131  9  178
4201 4 15  0  0  0  0  0  11  0.00  0  3  1  11
4202 36 140  0  0  0  1  6  64  0.00  0  56  8  104
4203 55 174  0  0  0  2  3  85  0.00  2  63  11  119
4204 100 252  0  0  1  2  3  106  0.00  0  117  17  152
2205 129 467  0  0  1  7  12  246  0.00  1  177  14  338
1206 167 424  0  0  1  4  7  194  0.00  3  176  23  257
1207 134 252  0  0  0  4  7  142  0.00  1  85  10  118
1208 302 711  0  0  2  3  20  343  0.00  8  284  40  409
3209 250 560  0  0  2  1  14  261  0.00  2  249  27  310
2210 18 58  0  0  0  0  2  29  0.00  0  17  7  40
1211 1 6  0  0  0  0  0  2  0.00  0  3  0  5
3212 100 258  0  1  4  1  4  111  0.00  0  128  7  158
3213 95 195  0  0  0  2  2  74  0.00  0  109  6  100
3214 125 308  0  0  2  3  4  141  0.00  0  140  9  183
3215 120 304  0  0  1  2  3  147  0.00  0  131  14  184
3216 95 303  0  0  3  2  5  140  0.00  1  130  16  208
2217 63 164  0  0  0  2  2  86  0.00  1  58  5  101
4218 38 111  0  0  0  2  2  49  0.00  1  45  8  73
2219 119 340  0  1  1  9  1  167  0.00  0  140  15  221
2220 172 428  0  1  1  5  8  223  0.00  0  165  12  256
2221 117 372  0  0  0  3  16  163  0.00  1  175  9  255
4222 15 75  0  0  1  0  0  30  0.00  0  39  4  60
2223 96 377  0  1  2  3  6  192  0.00  0  142  20  281
2224 64 136  0  0  0  2  7  62  0.00  0  54  9  72
2225 22 71  0  0  0  0  1  36  0.00  0  28  4  49
2226 51 88  0  2  0  1  2  31  0.00  0  45  4  37
1227 38 155  0  0  1  0  1  55  0.00  1  86  7  117
2228 142 427  0  0  0  1  9  268  0.00  2  118  18  285
2229 133 317  0  0  4  5  5  156  0.00  1  116  17  184
4230 175 477  0  0  4  6  10  296  0.00  4  127  21  302
4231 8 30  0  0  1  0  1  18  0.00  0  9  1  22
4232 78 270  0  0  1  1  8  120  0.00  0  119  14  192
4233 4 11  0  0  0  0  1  7  0.00  0  2  1  7
3234 101 392  0  1  0  6  4  153  0.00  5  195  21  291
2235 38 99  0  0  1  1  3  41  0.00  0  49  4  61
1236 17 80  0  0  0  1  0  41  0.00  1  30  4  63
1237 7 48  0  0  1  0  1  18  0.00  0  25  1  41
1238 99 258  0  0  1  4  7  122  0.00  1  108  8  159
1239 0 0  0  0  0  0  0  0  0.00  0  0  0  0
3240 79 221  0  0  0  3  6  76  0.00  0  124  7  142
1241 6 11  0  0  0  0  0  6  0.00  0  5  0  5
4242 34 78  0  0  1  0  0  34  0.00  0  38  3  44
4243 19 67  0  0  0  2  0  31  0.00  0  29  4  48
1244 21 62  0  0  0  0  0  27  0.00  0  33  2  41
1245 0 0  0  0  0  0  0  0  0.00  0  0  0  0
2246 98 201  0  0  0  1  10  113  0.00  0  65  5  103
3247 87 190  0  1  1  1  3  99  0.00  2  70  11  103
3248 254 634  0  0  2  7  15  278  0.00  5  290  29  380
3249 115 325  0  0  2  1  4  155  0.00  0  154  5  210
4250 76 203  0  0  1  1  7  86  0.00  0  89  13  127
1251 71 219  0  0  0  2  7  77  0.00  0  121  6  148
4252 44 152  0  0  0  0  4  94  0.00  1  48  3  108
4253 5 24  0  0  0  0  1  18  0.00  0  1  4  19
3254 72 256  0  1  0  3  2  109  0.00  1  130  6  184
1255 80 233  0  0  0  2  4  84  0.00  1  127  8  153
4256 6 23  0  0  0  0  1  6  0.00  0  14  2  17
1257 52 140  0  1  0  1  5  67  0.00  0  53  10  88
2258 28 78  0  1  0  1  1  30  0.00  0  36  8  50
4259 53 211  0  0  0  2  5  105  0.00  2  80  10  158
3260 100 254  0  0  0  1  5  127  0.00  3  103  9  154
4261 62 236  0  3  0  3  9  77  0.00  0  129  12  174
2262 40 153  0  0  1  4  1  54  0.00  1  81  7  113
2263 35 114  0  0  0  0  1  38  0.00  0  57  14  79
1264 147 329  0  0  1  4  2  193  0.00  0  107  14  182
1265 97 214  0  0  1  1  3  115  0.00  1  80  5  117
2266 193 462  0  0  0  7  12  229  0.00  2  182  20  269
2267 50 145  0  0  0  1  3  62  0.00  0  65  7  95
2268 43 87  0  0  2  0  1  36  0.00  0  42  2  44
2269 65 118  0  2  1  2  1  48  0.00  1  56  5  53
1270 26 69  0  0  0  1  0  25  0.00  0  33  9  43
1271 209 699  0  0  1  7  13  273  0.00  4  348  27  490
4272 15 35  0  0  0  0  0  15  0.00  1  12  7  20
1273 23 103  0  0  0  1  1  44  0.00  0  47  4  80
1274 0 0  0  0  0  0  0  0  0.00  0  0  0  0
2275 16 61  0  0  1  0  2  17  0.00  0  35  3  45
4276 59 202  0  0  0  2  4  91  0.00  2  86  15  143
1277 93 210  0  0  1  0  2  122  0.00  2  67  13  117
1278 19 53  0  0  0  0  1  21  0.00  0  25  4  34
1279 86 197  0  0  0  1  5  101  0.00  0  76  8  111
2280 128 356  0  0  0  4  6  186  0.00  1  129  25  228
2281 74 185  0  0  0  6  3  106  0.00  1  54  10  111
3282 160 310  0  1  1  2  8  148  0.00  0  136  9  150
3283 92 257  0  0  0  0  3  116  0.00  0  119  14  165
4284 16 28  0  0  0  0  2  17  0.00  0  8  1  12
4285 13 31  0  0  0  0  0  8  0.00  0  22  0  18
3286 118 298  0  0  1  0  5  144  0.00  2  127  17  180
3287 54 241  0  0  1  1  3  85  0.00  2  128  17  187
4288 1 1  0  0  0  0  0  1  0.00  0  0  0  0
3289 139 335  0  0  0  2  7  135  0.00  1  163  24  196
4290 125 274  0  0  0  2  4  95  0.00  0  156  12  149
1291 7 10  0  0  0  0  0  4  0.00  0  5  0  3
1292 29 84  0  0  0  4  1  34  0.00  0  37  4  55
1293 12 33  0  0  0  1  1  14  0.00  0  16  1  21
1294 82 260  0  0  0  6  2  97  0.00  1  132  12  178
1295 14 46  0  0  0  1  0  18  0.00  0  23  0  32
1296 211 434  0  0  1  5  14  262  0.00  2  122  16  223
1297 0 2  0  0  0  0  0  1  0.00  0  1  0  2
1298 24 106  0  0  2  1  4  59  0.00  1  31  7  82
1299 0 8  0  0  0  0  0  4  0.00  0  4  0  8
1300 69 181  0  0  0  0  5  71  0.00  0  94  2  112
1301 15 26  0  0  0  0  0  9  0.00  0  14  2  11
1302 5 17  0  0  0  0  0  8  0.00  0  8  1  12
2303 114 281  0  0  1  4  7  149  0.00  1  104  13  167
2304 149 403  0  0  5  2  7  230  0.00  1  135  14  254
2305 84 227  0  0  1  2  9  85  0.00  0  112  9  143
2306 145 360  0  0  3  3  9  185  0.00  2  134  12  215
2307 222 498  0  1  0  2  10  235  0.00  3  198  36  276
2308 78 175  0  0  1  2  3  78  0.00  1  84  5  97
2309 28 70  0  0  0  1  1  28  0.00  0  36  2  42
2310 90 617  0  0  3  6  17  318  0.00  1  226  20  527
1311 41 97  0  0  0  0  1  49  0.00  0  39  4  56
1312 12 33  0  0  0  2  1  12  0.00  0  14  3  21
2313 118 367  0  0  0  3  7  157  0.00  1  177  11  249
2314 170 511  0  0  0  9  13  244  0.00  2  204  25  341
2315 46 109  0  0  0  1  4  53  0.00  0  46  5  63
2316 74 166  0  0  1  0  10  82  0.00  2  57  12  92
2317 89 223  0  0  0  4  7  116  0.00  1  80  12  134
2318 90 270  0  0  0  4  5  129  0.00  3  109  13  180
2319 113 333  0  0  0  4  6  150  0.00  0  150  12  220
2320 43 148  0  0  1  0  3  63  0.00  1  71  6  105
3321 200 415  0  0  2  8  9  188  0.00  1  175  23  215
3322 117 361  0  0  1  3  8  158  0.00  2  154  22  244
3323 210 515  0  0  3  3  12  284  0.00  1  175  30  305
3324 137 317  0  0  0  5  4  133  0.00  0  161  8  180
3325 65 169  0  0  0  1  1  67  0.00  0  89  5  104
3326 28 90  0  0  0  4  1  43  0.00  1  32  7  62
3327 92 287  0  0  2  3  1  150  0.00  2  110  16  195
4328 47 126  0  0  0  1  3  48  0.00  0  64  7  79
3329 91 236  0  1  0  6  4  94  0.00  0  118  9  145
3330 92 218  0  1  1  5  2  105  0.00  1  84  11  126
3331 179 517  0  0  1  1  10  280  0.00  2  203  13  338
3332 93 246  0  2  1  1  2  86  0.00  3  132  14  153
3333 201 448  0  0  4  6  7  201  0.00  1  202  13  247
3334 77 263  0  0  2  2  5  121  0.00  1  118  8  186
3335 186 365  0  2  0  1  11  154  0.00  1  174  12  179
3336 67 180  0  0  2  1  1  81  0.00  1  81  8  113
1337 225 458  0  0  0  4  13  241  0.00  1  172  12  233
4338 85 297  0  0  0  1  5  110  0.00  1  170  7  212
1339 193 475  0  0  2  3  10  280  0.00  1  146  23  282
4340 140 280  0  0  0  4  2  139  0.00  2  117  7  140
1341 1 1  0  0  0  0  0  1  0.00  0  0  0  0
4342 137 456  0  0  1  4  12  280  0.00  2  119  23  319
4343 93 289  0  0  0  3  6  203  0.00  0  62  9  196
4344 94 230  0  0  1  1  6  167  0.00  1  36  15  136
4345 13 74  0  0  1  0  0  34  0.00  0  28  7  61
1346 1 4  0  0  0  0  0  0  0.00  0  4  0  3
1347 319 725  0  0  2  7  23  317  0.00  4  327  27  406
1348 20 42  0  0  0  2  1  17  0.00  1  19  1  22
1349 4 5  0  0  0  0  0  5  0.00  0  0  0  1
4350 26 157  0  0  1  3  1  69  0.00  0  62  14  131
1351 0 0  0  0  0  0  0  0  0.00  0  0  0  0
2352 187 388  0  2  0  4  5  183  0.00  1  165  19  201
2353 37 89  0  0  0  3  1  36  0.00  1  41  5  52
2354 40 167  0  0  1  1  2  77  0.00  0  79  4  127
2355 57 151  0  0  2  1  0  65  0.00  0  77  1  94
2356 159 366  0  0  3  4  5  172  0.00  0  160  12  207
2357 133 326  0  0  3  2  8  153  0.00  3  137  16  193
2358 102 319  0  1  0  4  11  130  0.00  2  152  14  217
3359 113 267  0  0  1  1  7  167  0.00  0  81  8  154
2360 272 683  0  0  2  9  13  329  0.00  1  294  20  411
3361 94 262  0  0  3  1  5  122  0.00  0  118  10  168
4362 0 2  0  0  0  0  0  0  0.00  0  2  0  2
3363 142 440  0  1  3  2  13  179  0.00  0  222  12  298
3364 36 68  0  0  0  1  2  32  0.00  0  30  2  32
3365 149 438  0  0  1  5  9  213  0.00  2  190  9  289
3366 0 0  0  0  0  0  0  0  0.00  0  0  0  0
3367 4 39  0  0  0  0  4  6  0.00  0  26  3  35
3368 48 139  0  0  0  0  3  74  0.00  0  52  6  91
4369 126 387  0  1  1  4  4  173  0.00  1  176  19  261
4370 0 0  0  0  0  0  0  0  0.00  0  0  0  0
4371 47 102  0  0  0  0  2  47  0.00  0  48  3  55
3372 143 497  0  0  3  4  11  183  0.00  2  260  27  354
4373 9 15  0  0  0  0  1  10  0.00  0  4  0  6
4374 64 204  0  0  0  1  4  68  0.00  0  93  26  140
4375 114 322  0  0  1  1  2  159  0.00  2  141  7  208
1376 0 1  0  0  0  0  0  1  0.00  0  0  0  1
1377 214 498  0  0  3  3  4  273  0.00  1  184  20  284
1378 92 297  0  2  2  2  5  105  0.00  0  161  14  205
2379 95 257  0  1  1  0  6  111  0.00  0  119  13  162
1380 77 180  0  0  1  2  3  98  0.00  1  55  14  103
2381 65 159  0  2  1  0  6  66  0.00  1  71  10  94
3382 16 56  0  0  0  0  0  17  0.00  1  31  4  40
2383 66 198  0  0  1  1  4  62  0.00  1  109  10  132
3384 81 190  0  0  2  0  6  91  0.00  1  73  13  109
3385 190 442  0  0  1  3  7  214  0.00  1  181  26  252
3386 197 558  0  0  5  5  9  236  0.00  6  262  27  361
3387 129 343  0  0  1  2  7  149  0.00  2  155  18  214
1388 46 118  0  0  1  2  4  48  0.00  1  55  5  72
3389 93 272  0  0  0  2  9  114  0.00  0  130  13  179
3390 191 562  0  1  1  2  12  315  0.00  3  185  35  371
3391 84 177  0  0  1  5  7  66  0.00  2  86  8  93
3392 112 330  0  0  2  4  6  151  0.00  0  144  19  218
2393 38 78  0  1  0  0  0  25  0.00  0  44  3  40
4394 23 43  0  0  0  0  0  17  0.00  0  25  0  20
4395 34 73  0  0  1  1  0  23  0.00  0  47  0  39
3396 195 443  0  0  2  3  18  186  0.00  1  204  20  248
4397 18 59  0  0  0  0  0  34  0.00  0  19  5  41
3398 57 169  0  0  0  3  2  70  0.00  0  84  5  112
3399 12 37  0  0  1  0  1  22  0.00  0  10  0  25
4400 11 33  0  0  0  0  1  18  0.00  0  14  0  22
2401 23 48  0  0  0  0  2  27  0.00  0  15  3  25
2402 1 2  0  0  0  0  0  1  0.00  0  0  1  1
2403 0 0  0  0  0  0  0  0  0.00  0  0  0  0
3404 6 15  0  0  0  0  0  8  0.00  0  7  0  9
2405 73 269  0  1  0  1  11  110  0.00  1  133  11  196
3406 0 0  0  0  0  0  0  0  0.00  0  0  0  0
3407 4 8  0  0  0  0  0  1  0.00  0  7  0  4
1408 7 36  0  0  1  0  1  14  0.00  0  16  4  29
3409 0 4  0  0  0  0  0  1  0.00  0  3  0  4
4410 79 243  0  0  0  1  6  71  0.00  1  151  8  164
2411 1 7  0  0  0  0  0  1  0.00  0  5  1  6
2412 0 6  0  0  0  0  0  0  0.00  0  5  1  6
2413 7 16  0  0  0  1  0  3  0.00  0  12  0  9
3414 2 4  0  0  0  0  0  0  0.00  0  3  0  2
1415 9 21  0  0  0  0  0  11  0.00  0  6  3  12
3416 0 7  0  0  0  0  0  1  0.00  0  6  0  7
3417 15 48  0  0  0  1  2  19  0.00  0  23  2  33
4418 0 0  0  0  0  0  0  0  0.00  0  0  0  0
1419 0 0  0  0  0  0  0  0  0.00  0  0  0  0
1420 0 0  0  0  0  0  0  0  0.00  0  0  0  0
3421 85 228  0  0  0  3  3  106  0.00  0  96  14  143
3422 144 407  0  0  2  2  10  183  0.00  5  178  21  263
1423 229 514  0  0  0  4  16  337  0.00  3  136  12  285
3424 93 188  0  0  1  0  2  100  0.00  0  80  4  95
2425 92 191  0  0  0  0  5  106  0.00  0  70  8  99
2426 125 314  0  0  2  7  2  160  0.00  0  124  10  189
2427 0 0  0  0  0  0  0  0  0.00  0  0  0  0
1428 1 7  0  0  0  0  0  3  0.00  1  3  0  6
4429 12 22  0  0  0  0  1  6  0.00  0  15  0  10
3430 0 0  0  0  0  0  0  0  0.00  0  0  0  0
2431 0 0  0  0  0  0  0  0  0.00  0  0  0  0
4432 0 0  0  0  0  0  0  0  0.00  0  0  0  0
3433 22 63  0  0  0  0  0  29  0.00  1  29  2  41
4434 0 3  0  0  0  0  0  2  0.00  0  1  0  3
1435 10 46  0  0  0  0  0  25  0.00  0  12  8  36
4436 1 11  0  0  0  0  0  1  0.00  0  10  0  10
1437 20 97  0  0  0  1  6  52  0.00  0  35  0  77
2438 59 160  0  0  1  1  6  62  0.00  1  77  7  101
2439 3 8  0  0  0  1  0  3  0.00  0  3  1  5
1440 21 62  0  0  0  1  1  30  0.00  0  27  1  41
3441 4 12  0  0  0  1  1  3  0.00  0  7  0  8
3442 7 26  0  0  0  0  1  11  0.00  0  11  2  19
3443 88 349  0  1  1  4  5  141  0.00  2  174  13  261
2444 0 0  0  0  0  0  0  0  0.00  0  0  0  0
3445 2 3  0  0  0  0  0  3  0.00  0  0  0  1
1446 1 3  0  0  0  0  0  0  0.00  0  3  0  2
1447 1 1  0  0  0  0  0  0  0.00  0  1  0  0
2448 71 187  0  1  1  4  6  67  0.00  1  89  15  116
2449 39 128  0  0  0  1  4  52  0.00  0  65  1  89
2450 27 108  0  4  2  0  2  48  0.00  0  45  3  81
2451 1 2  0  0  0  0  0  1  0.00  0  1  0  1
4452 24 77  0  0  2  1  0  35  0.00  0  33  3  53
2453 3 24  0  0  0  0  0  11  0.00  0  13  0  21
4454 134 532  0  0  1  6  19  199  0.00  0  285  12  398
3455 10 41  0  0  0  0  2  12  0.00  0  23  3  31
4456 62 202  0  0  1  0  2  139  0.00  1  42  10  140
3457 0 0  0  0  0  0  0  0  0.00  0  0  0  0
4458 0 0  0  0  0  0  0  0  0.00  0  0  0  0
1459 33 115  0  0  1  0  5  46  0.00  0  48  11  82
1460 45 142  0  1  0  1  2  73  0.00  0  55  4  97
2461 19 50  0  2  0  1  2  25  0.00  0  17  2  31
2462 47 104  0  0  0  1  2  39  0.00  1  50  7  57
1463 38 68  0  0  1  1  2  33  0.00  1  20  10  30
2464 29 64  0  0  1  0  1  42  0.00  0  13  6  35
3465 130 422  0  0  2  3  13  167  0.00  1  214  20  292
2466 39 88  0  1  0  0  5  34  0.00  0  42  1  49
2467 89 185  0  0  1  1  4  85  0.00  1  80  11  96
2468 113 267  0  0  0  3  7  137  0.00  1  101  14  154
3469 88 187  0  0  1  2  3  99  0.00  0  72  4  99
3470 2 16  0  0  0  0  2  5  0.00  0  9  0  14
3471 108 256  0  0  0  0  6  167  0.00  1  70  10  148
1472 0 0  0  0  0  0  0  0  0.00  0  0  0  0
1473 2 9  0  0  0  0  0  4  0.00  0  5  0  7
1474 3 8  0  0  0  0  0  5  0.00  0  3  0  5
1475 2 4  0  0  0  0  0  2  0.00  0  2  0  2
1476 2 3  0  0  1  0  0  0  0.00  0  2  0  1
1477 1 4  0  0  0  0  0  2  0.00  0  2  0  3
1478 16 92  0  0  0  1  0  10  0.00  0  78  1  76
1479 4 14  0  0  0  0  0  8  0.00  0  5  1  10
1480 57 163  0  0  0  0  10  88  0.00  0  51  8  106
1481 2 5  0  0  0  0  0  2  0.00  0  2  0  3
1482 3 8  0  0  0  0  0  3  0.00  0  5  0  5
1483 2 3  0  0  0  0  0  2  0.00  0  0  1  1
2484 9 63  0  1  1  0  0  30  0.00  0  30  1  54
1485 0 0  0  0  0  0  0  0  0.00  0  0  0  0
3486 211 626  0  0  3  4  13  214  0.00  2  356  26  415
1487 0 1  0  0  0  0  1  0  0.00  0  0  0  1
2488 48 202  0  0  1  1  2  78  0.00  2  100  6  154
1489 37 99  0  0  0  6  2  36  0.00  0  46  7  62
1490 6 22  0  0  0  0  0  4  0.00  0  14  3  16
3491 2 4  0  0  0  0  2  2  0.00  0  0  0  2
4492 0 1  0  0  0  0  0  0  0.00  0  0  1  1
4493 11 32  0  0  0  0  0  20  0.00  0  9  1  21
4494 0 0  0  0  0  0  0  0  0.00  0  0  0  0
4495 4 8  0  0  0  0  0  2  0.00  0  6  0  4
4496 14 26  0  0  1  0  0  10  0.00  0  7  3  12
4497 44 170  0  0  1  1  1  94  0.00  0  56  12  126
4498 43 123  0  0  0  3  2  83  0.00  0  27  7  80
4499 64 184  0  0  2  0  3  82  0.00  4  80  10  120
1500 0 0  0  0  0  0  0  0  0.00  0  0  0  0
4501 1 1  0  0  0  0  0  0  0.00  0  1  0  0
1502 0 1  0  0  0  0  0  1  0.00  0  0  0  1
4503 18 53  0  0  0  2  0  18  0.00  0  28  3  35
1504 93 341  0  0  2  4  5  162  0.00  4  147  8  248
2505 92 231  0  0  1  2  4  124  0.00  4  83  8  139
2506 96 240  0  0  2  1  3  109  0.00  2  109  6  144
3507 80 216  0  0  0  1  6  90  0.00  1  103  13  136
4508 56 246  0  0  1  2  5  86  0.00  1  140  9  190
3509 54 184  0  1  1  0  4  69  0.00  0  104  2  130
3510 242 508  0  1  5  10  12  251  0.00  2  194  26  266
3511 78 196  0  0  1  1  2  87  0.00  1  89  9  118
4512 0 0  0  0  0  0  0  0  0.00  0  0  0  0
2513 0 0  0  0  0  0  0  0  0.00  0  0  0  0
1514 0 0  0  0  0  0  0  0  0.00  0  0  0  0
1515 2 6  0  0  0  0  0  2  0.00  0  4  0  4
3516 137 363  0  0  1  2  12  189  0.00  1  137  18  226
3517 96 194  0  0  0  2  6  105  0.00  1  69  5  98
4518 2 14  0  0  0  1  0  9  0.00  0  2  1  12
2519 46 77  0  0  1  1  4  33  0.00  0  33  1  31
2520 65 207  0  0  0  0  5  88  0.00  1  94  10  142
2521 49 145  0  1  1  2  5  52  0.00  1  70  4  96
2522 153 311  0  1  1  1  4  147  0.00  1  140  11  158
2523 41 91  0  5  0  1  3  36  0.00  0  41  5  50
2524 175 450  0  0  2  3  7  250  0.00  1  169  12  275
2525 44 63  0  1  0  0  2  27  0.00  0  29  2  19
3526 73 161  0  1  1  0  7  89  0.00  2  55  5  88
3527 135 328  0  0  0  1  5  112  0.00  4  190  11  193
4528 97 391  0  0  4  7  23  132  0.00  0  196  20  294
3529 100 256  0  0  2  1  4  166  0.00  1  76  4  156
3530 118 328  0  0  0  2  12  151  0.00  1  150  8  210
4531 103 398  0  0  3  2  5  144  0.00  1  223  9  295
4532 73 258  0  0  3  1  4  130  0.00  2  107  3  185
4533 49 144  0  0  0  2  2  46  0.00  1  83  7  95
4534 110 346  0  0  1  0  13  145  0.00  0  164  18  236
2535 82 236  0  0  1  2  2  118  0.00  1  98  8  154
2536 68 205  0  0  2  1  7  103  0.00  1  72  16  137
2537 36 101  0  0  0  0  3  29  0.00  2  55  7  65
3538 74 175  0  0  2  1  4  94  0.00  1  63  8  101
3539 0 3  0  0  0  0  0  2  0.00  0  1  0  3
4540 96 289  0  1  1  3  6  97  0.00  3  152  13  193
2541 55 160  0  1  0  3  1  77  0.00  0  68  6  105
3542 144 333  0  0  0  1  8  149  0.00  3  148  13  189
3543 70 223  0  0  1  2  8  86  0.00  0  115  10  153
2544 0 0  0  0  0  0  0  0  0.00  0  0  0  0
3545 134 321  0  0  1  3  5  172  0.00  2  124  12  187
2546 0 1  0  0  0  0  0  0  0.00  0  1  0  1
1547 0 0  0  0  0  0  0  0  0.00  0  0  0  0
2548 83 198  0  0  0  1  5  111  0.00  0  75  0  115
3549 17 38  0  0  0  0  0  15  0.00  0  22  1  21
2550 0 0  0  0  0  0  0  0  0.00  0  0  0  0
4551 195 679  0  0  1  5  13  265  0.00  3  355  18  484
3552 101 316  0  0  1  4  8  136  0.00  0  143  23  215
2553 42 76  0  1  0  0  2  42  0.00  0  26  2  34
3554 126 410  0  0  0  6  5  206  0.00  0  175  9  284
1555 0 0  0  0  0  0  0  0  0.00  0  0  0  0
2556 86 321  0  0  0  2  5  162  0.00  0  122  17  235
2557 158 471  0  1  2  2  12  222  0.00  1  208  11  313
3558 175 404  0  0  4  2  10  263  0.00  0  111  7  229
3559 136 290  0  0  3  0  6  192  0.00  1  78  8  154
1560 0 0  0  0  0  0  0  0  0.00  0  0  0  0
3561 0 0  0  0  0  0  0  0  0.00  0  0  0  0
3562 4 15  0  0  0  0  0  5  0.00  0  7  1  11
4563 0 0  0  0  0  0  0  0  0.00  0  0  0  0
3564 0 0  0  0  0  0  0  0  0.00  0  0  0  0
1565 0 0  0  0  0  0  0  0  0.00  0  0  0  0
3566 0 0  0  0  0  0  0  0  0.00  0  0  0  0
1567 2 5  0  0  0  0  0  3  0.00  0  2  0  3
1568 1 6  0  0  0  0  0  3  0.00  0  3  0  5
2569 7 24  0  2  0  0  2  10  0.00  0  6  1  17
3570 51 188  0  0  0  0  5  80  0.00  0  93  8  137
2571 0 0  0  0  0  0  0  0  0.00  0  0  0  0
1572 0 1  0  0  0  0  1  0  0.00  0  0  0  1
1573 1 3  0  0  0  0  0  1  0.00  0  1  0  2
3574 0 0  0  0  0  0  0  0  0.00  0  0  0  0
3575 0 0  0  0  0  0  0  0  0.00  0  0  0  0
3576 0 1  0  0  0  0  0  1  0.00  0  0  0  1
4577 3 6  0  0  0  1  0  1  0.00  0  2  1  3
4578 0 0  0  0  0  0  0  0  0.00  0  0  0  0
3579 35 113  0  0  0  0  0  47  0.00  0  61  3  78
3580 0 0  0  0  0  0  0  0  0.00  0  0  0  0
2581 61 164  0  1  2  1  1  64  0.00  0  80  8  103
3582 0 0  0  0  0  0  0  0  0.00  0  0  0  0
3583 0 0  0  0  0  0  0  0  0.00  0  0  0  0
3584 0 0  0  0  0  0  0  0  0.00  0  0  0  0
3585 0 0  0  0  0  0  0  0  0.00  0  0  0  0
3586 0 0  0  0  0  0  0  0  0.00  0  0  0  0
4587 0 0  0  0  0  0  0  0  0.00  0  0  0  0
3588 115 399  0  0  2  10  11  155  0.00  4  191  22  284
3589 0 0  0  0  0  0  0  0  0.00  0  0  0  0
3590 0 0  0  0  0  0  0  0  0.00  0  0  0  0
4591 77 173  0  0  0  2  5  66  0.00  0  85  14  96
1592 0 1  0  0  0  0  0  0  0.00  0  1  0  1
1593 0 0  0  0  0  0  0  0  0.00  0  0  0  0
1594 0 0  0  0  0  0  0  0  0.00  0  0  0  0
1595 0 0  0  0  0  0  0  0  0.00  0  0  0  0
1596 0 0  0  0  0  0  0  0  0.00  0  0  0  0
1597 10 17  0  0  0  0  0  10  0.00  1  5  1  7
1598 0 0  0  0  0  0  0  0  0.00  0  0  0  0
3599 22 65  0  0  0  0  0  18  0.00  0  44  2  43
1600 1 1  0  0  0  0  0  0  0.00  0  1  0  0
1601 0 0  0  0  0  0  0  0  0.00  0  0  0  0
1602 0 0  0  0  0  0  0  0  0.00  0  0  0  0
1603 6 13  0  0  0  0  0  8  0.00  0  4  0  7
1604 2 5  0  0  0  2  0  1  0.00  0  2  0  3
1605 0 0  0  0  0  0  0  0  0.00  0  0  0  0
1606 1 5  0  0  0  0  0  1  0.00  0  4  0  4
1607 0 0  0  0  0  0  0  0  0.00  0  0  0  0
2608 3 12  0  3  0  0  1  3  0.00  0  5  0  9
2609 0 0  0  0  0  0  0  0  0.00  0  0  0  0
2610 0 0  0  0  0  0  0  0  0.00  0  0  0  0
2611 0 0  0  0  0  0  0  0  0.00  0  0  0  0
2612 0 0  0  0  0  0  0  0  0.00  0  0  0  0
2613 5 36  0  0  0  0  1  12  0.00  0  21  1  31
2614 2 2  0  0  0  0  0  0  0.00  0  2  0  0
1615 0 0  0  0  0  0  0  0  0.00  0  0  0  0
2616 0 0  0  0  0  0  0  0  0.00  0  0  0  0
2617 0 0  0  0  0  0  0  0  0.00  0  0  0  0
2618 0 0  0  0  0  0  0  0  0.00  0  0  0  0
2619 0 0  0  0  0  0  0  0  0.00  0  0  0  0
4620 4 5  0  0  0  1  0  1  0.00  0  2  0  1
3621 0 0  0  0  0  0  0  0  0.00  0  0  0  0
4622 0 0  0  0  0  0  0  0  0.00  0  0  0  0
3623 11 31  0  0  0  0  0  14  0.00  0  14  2  20
3624 16 21  0  0  0  0  0  12  0.00  0  8  1  5
3625 0 0  0  0  0  0  0  0  0.00  0  0  0  0
3626 13 44  0  0  2  0  0  16  0.00  0  23  2  31
3627 2 2  0  0  0  0  0  1  0.00  0  1  0  0
3628 0 0  0  0  0  0  0  0  0.00  0  0  0  0
4629 0 0  0  0  0  0  0  0  0.00  0  0  0  0
4630 0 0  0  0  0  0  0  0  0.00  0  0  0  0
3631 0 0  0  0  0  0  0  0  0.00  0  0  0  0
4632 0 0  0  0  0  0  0  0  0.00  0  0  0  0
3633 1 1  0  0  0  0  0  1  0.00  0  0  0  0
3634 4 6  0  0  0  0  0  2  0.00  0  4  0  2
2635 43 198  0  1  2  3  4  77  0.00  0  95  12  155
2636 91 232  0  1  0  0  4  105  0.00  2  106  10  141
3637 107 344  0  0  3  2  5  134  0.00  0  179  11  237
4638 79 172  0  0  0  0  10  53  0.00  0  98  5  93