5001        0     0     0     0     0     0     1     6     0
5002        1     0     0     0     0     0     2     2     0
5003        3     0     0     0     5     0     4    32     0
5004        1     0     0     0     2     0     4     8     3
5005       12     0     2     0     9     0    19   157     6
5006       13     0     0     0     6     2    25   173     8
5007       15     0     0     1    19     2    25   294    14
5008        1     0     1     0     7     0     7    86     2
5009        4     0     0     0     0     0     4    35     1
5010        1     0     0     0     0     0     9    13     2
5011        2     0     0     0     2     0     9    20     1
5012        1     0     0     0     0     0     1     6     0
5013        0     0     1     0     0     0     0     6     0
5014        2     1     3     0     6     1    18    70     4
5015        0     0     0     0     1     0     1    15     1
5016        3     0     0     0     3     0     6    15     1
5017        1     0     0     0     0     0     2     9     0
5018        3     0     0     0     1     1    15    29     1
5019        1     0     1     0     2     0     1     5     0
5020        2     0     2     0     6     0    28    60     5
5021        2     0     6     0     3     1    12    50     3
5022        6     0     2     0     2     0    10    64     0
5023        6     0     6     0     6     2    21    88     5
5024        3     0     0     0     6     1    10    71     5
5025        2     0     0     0     4     0     8    28     1
5026        5     0     1     1    16     0    15   141     6
5027        2     0     0     1     6     0     4    44     2
5028        4     0     0     0     7     2     5    31     0
5029        6     1     0     1     8     0    13   114    10
5030        1     0     0     0     5     0     7    53     2
5031        4     0     1     0    13     2    25   109     4
5032        1     0     0     0     1     1     2    12     0
5033        3     0     1     0     0     0     5    37     1
5034        2     0     0     0     0     0     4    26     1
5035        1     0     0     0     2     0     4    20     1
5036        0     0     0     0     0     0     1     1     0
5037        5     0     1     0    11     1     8   114     6
5038        0     0     0     0     0     0     1     4     0
5039        0     0     0     0     1     0     2     1     0
5040       16     0     9     2    24     0    26   265     8
5041       17     0     2     2    34     1    28   279     8
5042        1     0     0     0     2     0     5    27     0
5043        3     0     0     0     1     0     2    13     0
5044        2     0     0     0     2     1     7    50     4
5045       12     0     2     1    25     2    28   283    12
5046        9     0     2     0    13     0    19   185     6
5047        0     0     0     0     0     0     1    12     0
5048        1     0     0     0     0     0     7    10     0
5049       16     0     0     0    23     4    36   205     8
5050        4     3     0     0     7     1     7    37     3
5051        1     1     0     0     3     1     4    22     5
5052        7     0     0     0     5     1     7    55     3
5053        6     0     1     0    11     0    15    83     5
5054        2     0     0     0    13     1    13    66     5
5055        3     0     0     0     8     2    21    88     5
5056       22     2     3     0    31     2    36   267    11
5057        6     1     1     0     8     1    22    75     4
5058        0     0     0     0     0     0     0     1     0
5059        2     0     0     0     4     0     8    57     0
5060        0     0     0     0     0     0     0     7     0
5061        3     1     1     0     0     0    11    43     1
5062        0     0     0     0     0     0     0     0     0
5063        0     0     0     0     1     0     0     4     1
5064        0     0     0     0     0     0     0     0     0
5065        0     0     1     0     4     0    10    20     3
5066        7     0     1     0    12     0    24    69     4
5067        2     0     2     0     5     0    13    45     1
5068        1     0     0     0     0     0     0     3     0
5069        1     0     0     0     3     0     3    30     1
5070        3     0     2     0     7     0    20    40     2
5071        0     0     0     0     0     0     0     0     0
5072        2     0     0     0     0     0     0     9     0
5073        5     0     0     0     5     2    11    67     5
5074        0     0     0     0     0     0     0     6     1
5075       11     0     0     1    16     2    40   201     5
5076        1     0     0     0     0     0     0     2     0
5077        1     0     0     0     1     0     6    16     3
5078        5     0     0     0     6     1     7    94     4
5079        1     0     0     0     1     0     1    11     0
5080        0     0     0     0     0     0     2    10     0
5081        2     0     1     0     2     1     8    31     1
5082        3     0     0     0     4     2     5    21     1
5083        1     0     0     0     0     0     1     4     0
5084        1     0     0     0     4     0     2    29     0
5085        2     1     0     0     2     0     3    21     1
5086        1     0     0     0     2     0     3    21     0
5087        1     0     0     0     0     0     0     8     0
5088        0     0     0     1     1     0     0     7     0
5089        0     0     0     0     0     1     0     7     1
5090        1     0     0     0     1     1     1    12     0
5091        2     0     0     0     3     0     4    33     2
5092        2     0     0     0     3     1     1    20     1
5093        0     0     0     0     0     0     0     0     0
5094        0     0     0     0     0     0     0     2     0
5095        1     0     0     0     2     0     1    10     1
5096        1     0     0     0     8     0     5    17     1
5097        1     0     1     0     0     0     0     3     0
5098        1     0     0     0     2     0     4    13     2
5099        0     0     0     0     0     0     0     0     0
5100        1     0     0     0     0     0     0     0     0
5101        0     0     0     0     1     0     1     5     0
5102        3     2     0     0     1     1     4    22     1
5103        0     0     0     0     1     0     0     3     0
5104        0     0     0     0     0     0     0     1     0
5105        3     1     0     0     5     0     2    11     3
5106        0     0     0     0     0     0     0     0     1
5107        0     0     0     0     0     0     0     1     0
5108        1     0     0     0     0     0     2     1     0
5109        3     0     0     0     8     0     5    21     2
5110        3     0     1     0     6     0     3    38     1
5111        7     0     6     0     9     0    22   235     4
5112        0     0     0     0     0     0     0     2     0
5113        1     0     0     0     0     0     0     2     1
5114        0     0     0     0     3     0     8    16     0
5115        4     1     0     0     6     0     7    39     8
5116        1     0     1     0     2     1     3     4     2
5117        0     0     0     0     0     0     0     0     0
5118        6     0     0     0     7     0     6    86     1
5119        2     0     0     0     2     0     3     7     1
5120        0     0     0     0     2     0     1     7     1
5121       10     0     0     0     7     0     8   156     5
5122        0     0     0     0     0     0     0     1     0
5123        0     0     0     0     0     1     1     6     0
5124        2     0     1     0     2     0     4    23     0
5125        0     0     0     0     0     0     0     2     0
5126        0     0     0     0     4     0     7    16     1
5127        0     0     0     0     1     0     0     3     0
5128        2     0     0     0     1     0     3     8     0
5129        0     0     0     0     0     0     0     0     0
5130        0     0     0     0     0     0     0     0     0
5131        0     0     0     0     0     0     0     0     0
5132        0     0     0     0     0     0     0     0     0
5133       10     0     2     0    24     1    26   133     9
5134       11     0     0     1    12     1    19   144     5
5135       10     0     0     0    10     2    17    95     5
5136        0     0     0     0     0     0     0     0     0
5137        3     2     1     0     8     0    12    70     3
5138        8     1     1     2    10     0     4    58     0
5139        0     0     0     0     0     0     0     1     0
5140        7     0     0     0     5     0    16    76     1
5141        0     0     0     0     0     0     0     6     1
5142       17     0     0     1    11     3    19   157    13
5143       19     0     0     0    14     2    23   156     3
5144        3     0     0     0     8     1     4    41     1
5145        1     0     0     0     2     0     0     5     1
5146        3     0     1     0     5     1    12    39     2
5147        0     0     0     0     0     0     0     1     0
5148        0     0     0     0     1     0     2     9     0
5149       10     0     2     1    13     0    31    89     5
5150        5     0     1     0    15     2    22   155     4
5151       19     1     0     1    22     0    23   189    12
5152        4     1     0     0     8     1     6    82     4
5153       15     0     3     0    24     2    21   220     4
5154        2     0     1     1    11     1     8    48     3
5155        1     0     0     0     8     1     9    53     2
5156        7     1     0     0    24     1    21   129     8
5157       10     1     0     0    10     1    12    99     8
5158        5     0     1     0    11     0     8    59     2
5159        9     0     0     0    15     1    16    87     3
5160       10     2     0     0    17     3    21   101     2
5161        0     0     0     0     1     0     0     5     0
5162        1     0     2     0     3     0     3    32     0
5163        3     0     0     0     8     0     4    35     1
5164        0     0     0     1     2     0     1     4     0
5165        1     0     1     0    11     0    10    50     3
5166       10     0     0     0    19     1    17   142     4
5167        7     0     0     0    12     1     9    51     4
5168       14     2     2     0    21     1    21   110     1
5169        7     1     0     0     3     0     6    33     3
5170       14     1     2     1    27     5    16   242    11
5171       10     0     0     0    22     3    12   150     8
5172       11     0     1     0    16     4    17   135     4
5173       15     0     1     0    17     2    19   114     2
5174       20     0     1     1    12     1    18   194     5
5175        7     0     0     0    27     2    17   148     3
5176        2     2     0     0     7     1    11    68     3
5177        1     0     0     0     0     0     3     3     0
5178        0     0     0     0     0     0     0     0     0
5179        5     0     0     0     5     0     6    67     3
5180        8     0     2     0    17     2    14   128     6
5181        0     0     0     0     4     1     0    18     0
5182        3     0     2     1    15     0     4    73     3
5183        0     0     0     0     9     0     9    62     1
5184        0     0     0     0     0     0     0     0     0
5185        0     0     0     0     0     0     0     2     0
5186       10     0     3     0    15     1    15   129     6
5187       16     0     1     1    13     4    37   358    16
5188       13     0     3     1    18     4    18   253    10
5189        6     0     0     0     6     0    14    87     5
5190       17     0     2     0    19     2    20   212     6
5191       21     0     8     1    24     1    34   424    10
5192        6     0     5     1    11     2    18   244     6
5193        7     1     3     2    14     2    23   163    10
5194        9     0     2     1    18     1    15   164     5
5195       12     0     4     0    19     2    42   254    10
5196        3     0     1     1    14     1    18   149     4
5197        2     0     5     1     8     1    12   211     4
5198        1     0     2     0     4     1     3   101     0
5199        4     0     1     1     6     0     5   117     3
5200       10     0    10     1    18     0    29   503     3
5201        1     0     1     0     2     0     7    24     2
5202        5     0     1     1     4     0    10    96     5
5203       18     0     1     1    16     2    22   218    11
5204        7     0     3     2    11     2    22   232    10
5205       11     0    11     3    17     1    38   489    14
5206        0     0     1     0     4     0     7    62     2
5207        5     0     2     0     7     0    10   137     4
5208        9     0     0     0    11     1     9   119     3
5209       12     0     7     0    22     3    33   428    17
5210       15     0     6     0    17     5    23   427     9
5211       13     0     3     1     9     1    20   400     3
5212        0     0     0     0     0     0     0     0     0
5213        2     0     1     0     5     1    19   168     8
5214       10     0     1     0    22     0    16   288     5
5215       11     0     4     0    11     3    27    67     4
5216        6     0     0     1    10     2    20    48     3
5217        3     0     2     0     7     0    14    50     2
5218        3     0     3     0     6     1     7   151     2
5219        2     0     2     0     2     0     8    44     1
5220       11     0     2     0    29     1    41   271    10
5221        0     0     1     0     2     0     6    29     0
5222        7     0     4     0    14     1    18   104     5
5223        7     0     3     1    12     3    40    98     7
5224        8     0     0     1     6     1    10    91     6
5225       14     0     3     0    31     2    27   559     8
5226       13     0     2     0    17     1    49   296    10
5227       20     0     4     0     8     2    20   207     6
5228        8     0     2     1    12     1     4   116     6
5229       10     0     1     2    15     1    19   225    10
5230        7     0     3     0    13     0    17   237     6
5231       12     0     2     0    15     0    37   266    15
5232       14     1     0     0     6     1    18   160     7
5233       16     0     1     1     7     2    14   132     3
5234        9     0     2     0    21     0    18   182    10
5235       10     0     3     2    13     4    34   352    13
5236       11     0     2     1     8     0    19   232    12
5237        3     0     1     0     3     0    14    40     2
5238        7     0     0     0     9     2    11    65     3
5239        5     0     0     1     4     1     8    58     1
5240       10     0     5     0     9     1    12   198     4
5241        2     0     0     0     2     0     5    80     5
5242        6     0     1     0    10     0    11    74     2
5243       14     0     0     0    18     0    18   169    10
5244       18     0     4     0    24     1    47   335    12
5245       19     1     3     2    32     2    33   348     7
5246        5     0     4     0    15     2    15   148     6
5247        5     0     1     0     6     0     7    99     0
5248       14     0     0     0    17     1    20   155    10
5249        8     1     1     0    17     3    25   170     4
5250        9     0     4     0     7     0    20   182     8
5251       11     2     3     1     3     0    14   125     5
5252        9     0     3     0    18     1    24   155     9
5253       15     0     2     0    17     1    31   263     9
5254        5     1     1     0     8     0    12   110     0
5255        7     0     4     1    11     1    32   158     9
5256        8     0     6     1    12     1    23   206     6
5257        2     0     1     0     9     1    20    61     6
5258        0     0     0     0     0     0     0     0     1
5259        0     0     0     0     0     0     0     0     0
5260        4     0     1     0     5     5     9   118     1
5261        0     0     0     0     0     0     0     0     0
5262        0     0     0     0     1     0     7    18     0
5263        3     0     6     1    11     0    23   285     7
5264        6     0     4     1     9     1    20   262     5
5265       11     0     2     1    25     3    23   278    14
5266        8     0     4     0     9     1    28   234     5
5267       12     0     7     0    18     1    21   270     3
5268       19     0     4     0    20     1    46   407     6
5269       14     1     3     0    27     2    24   403     9
5270        7     0     1     0     9     0    18   103     7
5271        4     1     0     0     5     0    17   107     2
5272       11     0     0     0     3     0    22   227     4
5273        5     0     4     0     9     0    22   287     9
5274        8     0     1     0     7     0     9    59     5
5275       24     0     1     1    23     0    28   334    13
5276        6     1     0     0     3     0     4    22     3
5277       17     1     2     0    19     2    30   240    10
5278       22     0     3     0    30     6    41   222    10
5279       10     0     1     0    13     0    25   147     8
5280        0     0     0     0     4     0     9    63     2
5281        0     0     0     0     0     0     0     1     0
5282        0     0     0     0     1     0     0     9     1
5283       17     1     1     0    28     6    23   223    15
5284        1     0     0     0     2     1     2    22     0
5285        0     0     0     0     0     0     0     2     0
5286        0     0     0     0     3     0     2    17     1
5287       29     0     4     0    35     3    49   367    14
5288       12     2     0     2    30     3    27   226    17
5289        0     0     0     0     0     0     0     0     0
5290        7     0     2     1    12     1    11   107     4
5291       23     1     3     1    41     2    65   308    14
5292       16     0     2     1    25     1    36   168     9
5293       31     1     3     2    25     7    48   259    12
5294        7     0     0     1    11     0     9    73     4
5295        2     0     0     1    17     2     9    66     6
5296       13     0     1     0     7     4    16   103     4
5297        0     0     1     0     3     0     6    18     2
5298       13     0     0     0    29     1    21   176     7
5299       12     0     5     0    18     0    32   162     3
5300       10     0     2     0    24     1    27   263     3
5301       22     0     3     0    26     1    47   368    18
5302        8     0     0     1    15     2    16    95     6
5303       15     0     2     0    24     1    42   165     8
5304        7     0     0     0    18     1    32   217     9
5305       12     0     0     0    17     1    45   203     4
5306        9     0     1     0    11     1    32    97     5
5307       15     0     2     4    30     1    52   263    18
5308        6     0     1     0    16     3    18   108     1
5309       11     0     2     0    22     3    27   167     6
5310       12     0     1     1    21     0    22   146     2
5311       15     1     0     0    12     3    35   129     7
5312       19     1     0     0    22     0    33   248     5
5313        8     0     1     1     6     2    15    73     3
5314       10     0     3     1    19     1    16   104     7
5315       11     0     3     1    17     5    21   129     9
5316       12     0     3     2    19     2    26   116    10
5317        1     0     4     0    10     1    16    74     9
5318        0     0     0     0     0     0     0     0     0
5319       15     0     1     1    24     2    32   135     2
5320       17     0     5     1    22     1    35   256     8
5321       21     0     6     1    34     6    51   352     7
5322       10     0     0     0     1     0     3    20     0
5323        8     0     0     0    10     1    17    92     6
5324       11     1     0     0    14     1     8    76     6
5325       10     1     2     0    12     1    18   192     4
5326       14     2     3     1    28     1    21   152     7
5327       14     2     2     1    39     0    33   263     7
5328       12     1     0     0    17     0     8    86     3
5329        6     0     0     0    17     1    17    87     7
5330        4     0     0     0    16     0     9    56     3
5331       10     0     0     0    19     0    23   115     4
5332       10     0     1     0    27     1    19   203     3
5333        9     0     1     0    26     0    14   143     4
5334       18     0     0     0    25     0    15   124     4
5335        2     0     0     0     5     0     6    48     0
5336        1     0     0     0     0     0     0     2     0
5337        0     0     0     0     0     0     0     0     0
5338       22     0     4     3    44     1    46   335    19
5339       19     1     6     2    60     4    52   336    26
5340       17     0     4     1    30     1    31   216    13
5341       13     0     5     0    40     0    37   232    22
5342       21     0     5     2    53     4    65   333    24
5343       11     0     4     1    23     6    35   223    13
5344       16     1     5     1    28     1    25   214     6
5345       17     0     1     3    18     2    27   211    13
5346        9     0     1     0    12     4    25   172     7
5347        0     0     0     0     0     0     0     1     0
5348       16     0     2     0    14     0    39   275    13
5349        1     0     0     0     2     0     7    22     0
5350        3     0     0     0     6     2     9    67     3
5351        2     0     0     0     7     1     9    47     1
5352        0     0     0     0     0     0     0     0     0
5353        3     0     0     0     2     0     4    89     0
5354        0     0     0     0     0     0     0     1     0
5355        0     0     0     0     0     0     1    11     1
5356       14     1     1     0    21     2    25   114     4
5357       18     0     4     0    34     2    27   153     8
5358        7     0     0     0    27     3    28   157     7
5359       13     0     1     1    22     2    17   134     5
5360        3     0     0     0    12     0     9    95     1
5361       19     0     0     0    31     3    19   198     5
5362        1     0     0     0     8     2    25    72     6
5363        8     1     0     0    33     1    32   181     3
5364       18     1     1     0    26     3    32   242     9
5365        3     0     0     0     3     0    11    51     1
5366       12     0     0     0    14     1    19   109     3
5367       14     0     1     0    37     0    33   182     7
5368       10     0     0     0    44     1    18   168    10
5369        2     0     2     0     8     1    17    99     1
5370        0     0     0     0     1     0     0     2     0
5371        1     0     0     0     0     0     0    11     0
5372        0     0     0     0     2     0     2    22     1
5373        5     0     0     1     4     0     5    47     2
5374        1     0     1     0     0     0     0     2     0
5375        3     0     4     0     5     1    11    95     2
5376        1     0     2     0     1     0     2    13     0
5377        1     0     0     0     5     1    11    49     2
5378        4     0     3     0     5     1    19    59     2
5379        1     0     0     0     3     1     3    11     0
5380        0     0     1     0     3     0     6     6     0
5381        0     0     0     0     0     0     1     0     0
5382        0     0     0     0     2     0     0    11     0
5383        2     0     0     0     4     0     8    34     5
5384        0     0     0     0     0     0     0     8     1
5385        2     0     0     0     2     0     5    11     1
5386        0     1     0     0     0     0     2     2     0
5387        0     0     0     0     0     0     1     2     1
5388        0     0     0     0     0     0     0     1     0
5389        0     0     0     0     0     0     1     1     0
5390        0     0     0     0     0     0     1     1     0
5391        0     0     0     0     1     0     0     0     0
5392        0     0     0     0     0     0     0     1     0
5393        0     0     0     0     0     0     0     0     0
5394        0     0     0     0     0     0     0     0     0
5395        0     0     0     0     0     0     0     0     0
5396        0     0     0     0     0     0     0     0     0
5397        0     0     0     0     0     0     0     0     0
5398        0     0     0     0     0     0     0     1     0
5399        0     0     1     0     0     0     0     0     0
5400        0     0     0     0     0     0     0     9     0
5401        0     0     0     0     0     1     1     3     1
5402        0     0     0     0     0     0     0     1     0
5403        0     0     0     0     0     0     0     0     0
5404        1     0     0     0     1     0     0     1     0
5405        0     0     0     0     0     0     0     0     0
5406        0     0     0     0     0     0     0     0     0
5407        0     0     0     0     0     0     1     2     0
5408        0     0     0     0     0     0     0     0     1
5409        0     0     0     0     0     0     0     0     0
5410        0     0     0     0     0     0     0     0     0
5411        0     1     0     0     0     0     0     1     0
5412        1     0     0     0     0     0     0     0     0
5413        0     0     0     0     0     0     1     2     0
5414        0     0     0     0     0     0     0     0     0
5415        3     0     0     0     2     0    11    24     2
5416        3     0     0     0    14     5    11    22     1
5417        0     0     0     0     1     0     1    15     0
5418        0     0     0     0     0     0     0     1     0
5419        0     0     0     0     0     0     0     0     0
5420        0     0     0     0     0     0     0     2     0
5421        0     0     0     0     0     0     0     0     0
5422        1     0     0     0     0     0     0     2     1
5423        3     0     0     0     0     0     1    10     3
5424        2     0     0     0     3     0     2    27     3
5425        1     0     0     0     2     0     1     6     0
5426        0     0     0     0     0     0     3     6     0
5427        0     0     0     0     0     0     0     2     0
5428        0     0     0     0     0     0     2     0     1
5429        0     0     0     0     0     0     0     3     0
5430        0     0     0     0     0     0     0     0     0
5431        0     0     0     0     0     0     0     0     0
5432        0     0     0     0     1     0     0     2     0
5433        0     0     0     0     0     0     0     3     0
5434        1     0     0     0     0     0     1     5     1
5435        0     0     0     0     2     0     1     4     1
5436        0     0     0     0     2     0     0     4     0
5437        0     0     0     0     1     0     1     2     1
5438        0     0     0     0     1     0     0     2     0
5439        0     0     0     0     0     0     0     0     0
5440        0     0     0     0     0     0     3     0     0
5441        0     0     0     0     0     0     0     2     0
5442        0     0     0     0     0     0     0     5     0
5443        0     0     0     0     0     0     0     6     1
5444        0     0     0     0     0     0     0     0     0
5445       12     0     0     0    15     0     8    72     3
5446        3     0     0     0    25     1     8    35     1
5447        1     0     0     0     0     0     0     9     2
5448        3     2     0     0     4     3     3    18     0
5449        3     0     2     0     4     1     2    82     2
5450        0     0     0     0     2     0     0    10     1
5451        5     0     0     1     9     0    10    25     1
5452        1     0     0     0     0     0     2     8     1
5453        2     0     0     0     2     0    11    62     2
5454        0     0     0     0     0     0     0     0     0
5455        0     0     0     0     0     0     1     2     0
5456        0     0     0     0     0     0     0     0     0
5457        0     0     1     0     3     0     2     9     0
5458        0     0     0     0     0     0     0     0     0
5459        0     0     0     0     0     0     1     6     0
5460        0     0     0     0     0     0     0     0     0
5461        0     0     0     0     0     0     0     0     0
5462        5     1     2     0    10     1     8    54     2
5463        0     0     1     0     3     1     1    17     0
5464        5     0     0     0     7     0    19    32     1
5465        2     0     0     0    15     0     2    34     2
5466        8     0     0     1    18     3    10   104     5
5467        1     0     1     0    12     0    15    69     2
5468        2     0     0     0     8     2     8    33     4
5469        2     0     1     0     8     0     6    28     2
5470       16     0     0     0    27     1    19   147     1
5471       16     2     1     0    29     3    23   220    15
5472        1     0     0     0     3     0     3    30     0
5473        0     0     0     0     0     0     0     0     0
5474        1     0     0     0     0     0     0     1     0
5475       14     0     0     0    37     0    18   188     4
5476        8     0     0     0    20     2    10   139     3
5477        4     0     0     0     9     0    11    65     3
5478       12     0     0     0    14     0    14    84     2
5479       16     0     0     0    30     0    20   136     8
5480        2     1     0     0     2     1     1    22     1
5481       14     0     3     0    32     1    36   216     8
5482        8     1     0     1    31     3    30   155     8
5483        6     1     0     1    22     1    12    80     5
5484        0     0     0     0     1     0     2    23     1
5485        8     0     0     0    27     2    40   114     7
5486        1     0     0     0    11     1     3    32     1
5487       14     1     0     0    21     5    13   161    10
5488       13     0     2     0    26     1    21   145     9
5489        1     1     0     0     8     1    14    74     6
5490        8     1     1     0     7     0    10    50     2
5491        7     0     0     0    22     1    20   127     7
5492       27     1     2     1    19     1    29   190     6
5493        1     0     0     0     8     0     5    57     1
5494        2     0     0     0     8     2     5    39     0
5495        1     0     0     0     3     3     7    71     2
5496        9     0     1     0    13     2    19   131     8
5497        8     0     0     1    16     3    16   108     5
5498        4     0     0     0    22     0    12    82     5
5499       12     0     0     0    19     2    21   134     8
5500       10     0     0     0    30     2    22   114     5
5501        3     0     0     0    10     1    13    87     6
5502        4     0     0     1     6     0     3    40     1
5503        7     0     1     1    21     2    11    88     4
5504        2     0     0     0     6     2     8    42     1
5505        4     0     1     1    13     1     7    47     0
5506        1     0     0     0     1     0     0     7     0
5507        0     0     0     0     0     0     0     0     0
5508        0     1     0     0     2     0     0     6     0
5509        3     0     0     0    10     0     2    30     1
5510        1     1     0     0     2     0     8    41     1
5511        0     0     0     0     0     0     0     0     0
5512        0     0     0     0     1     0     0    11     0
5513        3     0     0     1     5     0     2    29     0
5514        2     0     0     0     3     0     0     9     0
5515        0     0     0     0     0     0     0     3     1
5516        0     0     0     0     0     0     0     1     0
5517       28     0     1     0    41     1    30   340     9
5518        0     0     0     0     0     0     0     0     0
5519        4     0     0     0     5     0     4    76     4
5520        5     0     1     0    14     0    14    75     1
5521        2     0     0     0     2     1     0    21     0
5522        1     0     0     0     0     0     0    15     0
5523        8     0     0     0    12     0    15   129     2
5524        4     1     0     0     5     0    10    81     2
5525        2     0     0     0    10     0     4    22     1
5526        3     0     0     0    10     0     8    42     1
5527        2     1     0     0     5     0     2    18     1
5528        5     0     0     0     7     0    14    77     4
5529        2     0     0     0     2     0     1    22     1
5530        4     0     0     0     2     0     4    49     2
5531        5     0     0     0    10     0     7    69     1
5532        0     0     0     0     2     0     2    38     0
5533        0     0     0     0     4     0     2     7     0
5534        2     0     0     0     6     0     2    29     0
5535        1     0     0     0     0     0     1     5     0
5536        0     0     0     0     4     0     0    10     1
5537        0     0     0     0     0     0     0     4     1
5538        2     0     0     0     1     0     1     2     0
5539        3     1     0     0     2     0     0    19     1
5540        7     0     1     0    20     0    24   125     1
5541       18     0     2     1    21     3    29   179     8
5542        7     0     0     0     9     1    25    62     1
5543        0     0     0     0     3     0     0     3     0
5544        1     0     0     0     4     1     1    18     0
5545        0     0     0     0     0     0     0     0     2
5546        1     1     0     0     3     0     6    36     1
5547        0     0     0     0     2     0     2    15     2
5548        4     0     0     0     3     1     3    10     0
5549        0     0     0     0     1     0     2     5     0
5550        4     0     0     0     8     0     8    67     2
5551       12     0     1     0    14     2    21   150     7
5552        1     1     0     0     0     0     1     6     1
5553        3     0     0     0     8     2     7    52     1
5554        8     2     0     0    10     1    17   103     2
5555        7     0     1     0    17     4    14   118    12
5556        0     0     0     0     0     0     0     0     0
5557        6     0     0     0     2     0    16    31     0
5558        3     0     0     0     6     0     7    36     0
5559        0     0     0     0     0     0     0     0     0
5560        3     1     0     0     5     0     3    21     2
5561        6     0     0     0     4     0     7   101     7
5562        0     0     0     0     0     0     0     4     1
5563        2     0     0     0    11     2     9    59     4
5564        3     0     0     1     5     1     5    51     2
5565        7     0     1     1     7     0    14    97     3
5566        3     0     0     0     0     0     3    20     0
5567        0     0     0     0     0     0     1     2     1
5568        1     0     0     0     1     2     4    10     3
5569        6     0     2     1     8     1     9    44     2
5570        1     0     0     0     1     1     1    10     1
5571        0     0     0     0     0     0     1     1     0
5572        2     0     1     0     2     0     1    13     0
5573        5     0     0     0     5     1    19   199     6
5574        1     0     1     0     1     0     4    14     0
5575        0     0     0     0     1     0     4    14     0
5576        2     0     0     0     0     0     2    12     2
5577        1     0     0     0     0     0     7    53     0
5578        1     0     0     0     1     0     3    13     1
5579        1     0     0     0     1     0     2     9     1
5580        3     0     2     0     3     1    15    39     4
5581        2     1     0     0     4     0     7    16     0
5582        0     0     0     0     0     0     0     0     0
5583        0     0     0     0     0     1     0     4     1
5584        0     0     0     0     0     0     1     0     0
5585        0     0     0     0     0     0     0     1     0
5586        0     0     0     0     0     0     0     0     0
5587        0     0     0     0     0     0     0     0     0
5588        0     0     0     0     0     0     0     0     0
5589        0     0     0     0     0     0     0     0     0
5590        0     0     0     0     0     0     0     0     0
5591        1     0     0     0     1     0     7    23     1
5592        1     0     0     0     0     0     8    15     0
5593        6     0     0     0     0     0     3    24     2
5594        2     0     0     0     0     1     2     5     0
5595        0     0     0     0     0     0     0     0     0
5596        2     0     0     0     3     0     1     3     0
5597        0     0     0     0     0     0     0     2     0
5598        0     0     0     0     0     0     1     0     0
5599        0     0     0     0     0     0     0     1     0
5600        2     0     0     0     0     0     1     6     0
5601        0     0     0     0     0     0     0     1     0
5602        0     0     0     0     0     0     0     1     0
5603        0     0     0     0     0     0     0     0     0
5604        0     0     0     0     0     0     0     1     0
5605        0     0     0     0     0     0     0     0     0
5606        3     0     0     0    49     1    20    84     4
5607        0     0     0     0     0     0     0     0     0
5608        8     0     1     1    12     0    20    57     2
5609        0     1     0     0     0     0     1     2     1
5610        0     0     0     0     0     0     0     0     0
5611        5     0     0     0     6     0     5    37     1
5612        1     0     0     0     1     0     1    20     0
5613        2     0     0     0     2     1     1    14     1
5614        0     0     0     0     1     0     4     9     0
5615        0     0     0     0     0     0     0     3     0
5616        1     0     0     0     2     1     0    21     0
5617        1     0     0     0     3     0    12    27     3
5618        0     0     0     1     2     0     0    12     0
5619        1     1     0     2    12     2    10    28     3
5620        1     0     0     0     0     0     0     8     0
5621        0     1     0     0     2     0     1     5     2
5622        3     1     0     0     1     0     4    18     2
5623        0     0     0     1     4     0     2    18     0
5624        4     0     1     0     3     0     9    25     1
5625        2     0     0     0     1     0     6    14     2
5626        0     0     0     0     0     0     0     0     0
5627        0     0     0     0     0     0     0     0     0
5628        2     0     0     0     6     1     3    52     0
5629        6     0     1     0    10     0    10    43     1
5630        0     0     0     0     5     0     2     7     1
5631        5     2     0     1     0     0     6    19     2
5632        0     0     1     0     0     0     4     7     1
5633        1     0     1     0     1     1     9    17     0
5634        6     0     1     0    15     1    39   156     9
5635        3     0     2     0     7     0     8    51     3
5636        0     0     0     1     1     0     3     4     0
5637        0     0     0     0     0     0     0     1     0
5638        0     0     0     0     0     0     0     1     0
5639        0     0     0     0     0     0     1     0     0
5640        0     1     0     0     1     0     0     0     0
5641        6     0     0     0     3     1     5    28     1
5642        1     0     0     0     1     0     1    10     0
5643        0     0     0     0     0     0     0     1     0
5644        1     0     0     0     0     0     1     1     0
5645        0     0     0     0     0     0     0     0     0
5646        1     0     0     0     0     0     0    14     0
5647        0     0     0     0     0     0     1     1     0
5648        5     0     0     0     3     0     3    37     0
5649        0     0     0     0     0     0     1     0     0
5650        0     0     0     0     0     0     1     1     0
5651        1     0     0     0     5     1     1    22     0
5652        0     0     0     0     0     0     2     3     0
5653        2     0     2     0    11     0     7   108     3
5654        0     0     0     0     0     0     0     0     0
5655        0     0     0     0     0     0     0     0     0
5656        0     0     0     0     1     0     1    11     0
5657        0     0     0     0     0     0     0     0     0
5658        0     0     0     0     0     0     0     0     0
5659        0     0     0     0     0     0     0     0     0
5660        0     0     0     0     1     0     0    10     0
5661        0     0     0     0     0     0     0     0     0
5662        0     0     0     0     0     0     0     0     0
5663        0     0     0     0     0     0     0     0     0
5664        0     0     0     0     1     0     0     3     0
5665        1     0     0     0     1     0     0     7     0
5666        0     0     0     0     0     0     1     3     0
5667        1     2     0     0     2     0     4    25     4
5668        0     0     0     0     1     0     1    14     1
5669        0     0     0     0     6     0     1    13     0
5670        0     0     0     0     0     0     0     0     0
5671        0     0     0     0     0     0     1     1     0
5672        0     0     0     0     0     0     0     0     0
5673        0     0     0     0     0     0     1     0     0
5674        0     0     0     0     0     0     0     1     0
5675        2     0     0     0     1     0     5    24     3
5676        4     0     0     0    18     0    12    48     0
5677       12     0     0     0    14     2    14    91     2
5678        4     0     0     0    10     0    20    75     3
5679        8     0     1     0    15     1     8    71     8
5680        1     0     1     0     8     1    13    64     2
5681        8     0     1     0    10     0    15   113     8
5682        2     0     0     0     6     0     5    49     6
5683        1     0     0     0     1     0     0     5     0
5684        1     0     0     0     2     0     2    23     0
5685        7     0     0     0    10     1    21   119     6
5686        5     1     0     0     7     0    10    47     5
5687        1     0     0     0     4     0     9    77     3
5688        4     0     0     1    15     2    17    69     5
5689        9     0     0     0    10     1    20    90     3
5690        7     1     0     0    16     2    21   102     7
5691        4     0     0     0     3     0     8    35     1
5692        0     0     0     0     0     0     0     0     0
5693       27     1     0     2    35     3    45   297    10
5694        3     0     0     0     1     0    14    48     1
5695        8     1     0     0    18     2    18   149     5
5696        0     0     0     0     1     0     1    20     0
5697        9     0     3     1    20     3    38   212     6
5698        7     1     0     0    16     0    13    93     4
5699        0     0     0     0     1     0     1    18     4
5700        1     0     0     0     4     0    10    37     2
5701        5     0     0     0     0     2     7    34     0
5702        0     0     0     0     0     0     0     0     0
5703        5     0     0     0     6     0    12    41     2
5704        0     0     0     0     0     0     0     0     0
5705        6     0     0     0     7     0     9    50     1
5706        0     0     0     0     1     0     2    16     0
5707        1     1     0     0     5     0     8    27     0
5708        1     0     0     0     0     0     0     2     0
5709        1     0     0     1     2     0     1    19     0
5710        0     0     0     0     2     1     0     3     0
5711        0     0     0     0     0     0     0     0     0
5712        3     0     0     0     4     2     3    13     2
5713        8     0     0     2    14     2    21   103     2
5714       19     1     1     1    35     4    32   196     5
5715        5     1     1     1     9     1    18   106    14
5716        0     0     0     0     0     0     0     0     0
5717        8     1     0     0    21     2    17    87     6
5718       11     1     0     0    15     1    21   126     4
5719       11     1     0     0    21     0    19   141     9
5720        4     1     0     2     7     2     7    43     3
5721        6     0     2     1     6     0    21   101     9
5722        4     1     0     0    10     0     3    33     4
5723       13     0     1     0    25     2    25   219     9
5724       11     1     0     1    13     2     9    90     6
5725        1     0     0     0     0     0     1    22     0
5726        2     0     0     0     1     0     5     7     0
5727        9     0     0     0     7     0     4    75     2
5728        3     0     0     0     1     0     2     4     0
5729        6     1     0     1     2     0     7    46     3
5730        2     0     0     0     3     0     4    14     1
5731        3     0     0     0     6     0     1    30     0
5732       16     0     2     0    18     0    22   149     1
5733        7     0     0     1    17     1    49   102     4
5734        2     0     0     1    19     4    13    84     2
5735        9     0     1     0    20     0    12   128     2
5736        7     1     0     1    11     1    18    94     6
5737        7     0     0     0    17     0    16    89     3
5738        7     0     0     1    18     4    13   187    11
5739       11     0     2     2    28     1    34   250    12
5740        8     0     3     1     7     1    14   124     7
5741        1     0     1     0     7     0     7    36     2
5742        2     0     0     0     6     0     5    45     1
5743        7     0     1     0     9     2     9    96     0
5744        5     0     0     0    11     1    25   103     4
5745        0     0     0     0     4     0    10    22     2
5746        0     0     0     0     0     0     6    20     0
5747        5     1     1     0     9     0    19   124     1
5748        0     0     0     0     3     0    14    38     0
5749        0     0     0     0     0     0     0     0     0
5750        3     0     2     0    11     0    13    81     3
5751        1     0     1     0     4     0     1    10     1
5752        7     0     0     0    13     2    14    42     2
5753        0     0     0     0     3     0     1    22     0
5754        1     0     0     0     1     0     1     3     1
5755        0     0     0     0     0     0     1     1     0
5756        0     0     0     0     0     0     0     0     0
5757        0     0     0     0     2     0    12    23     1
5758       27     1     4     2    50     1    55   390    24
5759        6     1     1     0    10     0     7    43     4
5760        0     0     0     0     0     0     0     1     0
5761        0     0     0     0     0     0     0     0     0
5762        0     0     0     0     0     0     0     0     0
5763        3     2     0     0     1     0     5    31     1
5764        0     0     0     0     0     0     0     0     0
5765        4     0     0     0     7     1     7    46     1
5766        0     0     0     0     2     0     2    10     0
5767        0     0     0     0     0     0     1     0     0
5768        0     0     0     0     0     0     0     2     0
5769        0     0     0     0     0     0     0     1     0
5770        1     0     0     0     0     0     2     1     0
5771        0     0     0     0     0     0     0     2     0
5772        1     0     1     0     0     1     2    11     1
5773        2     0     0     0     2     0     0     6     0
5774        0     0     0     0     0     0     0     0     0