5100       42   310     3     0
5102      103   187     2     2
5104       98   325     3     2
5105       66   145     3     0
5107      230   718     5     5
5109      459   521    11     8
5111       28    98     0     0
5113      350   580     5     6
5115      330   437     8     0
5116      495   404    12     3
5117     1066   713    16     4
5118     1092   633    11     8
5119      534   474    12     7
5120      417   339     5     3
5121     1170   687    10     6
5122     1049   482     7     2
5123      702   389     6     2
5124      944   766    18     9
5125      883   553    14     2
5126      763   388     9     4
5127      156  1758     1     4
5129      648   537     3     1
5130      247   562     8     4
5133      688   990    14     4
5134      935   429     5     4
5135      158   376     4     5
5136      234    96     0     1
5137      353   473    11     3
5139       65   141     1     1
5140       75   113     1     0
5142      749   651    10     6
5143      595   289    11     3
5144      460   199     3     1
5145      161   282     4     0
5149      941   723     8     5
5150     1700   795    13     7
5152      412   473    11     6
5153      850   440     6     6
5154      771   476     4     8
5155      128   394     7     2
5156      955   814    12     6
5162     1411   599    17     4
5163      309   243     1     1
5164      666   967    10    10
5165       50   333     2     3
5166      533   430     7     1
5167     1199   545     5     6
5168     1050   461     4     2
5169     1247   472    12     5
5171        0     1     0     0
5172        0     0     0     0
5173        2     1     0     0
5174      191   160     1     0
5175     1002   806     9     9
5177     1678  1528    31    16
5178      775  1005    22    11
5180      298   766    13     8
5182      837   334     7     0
5185     1095   210     1     3
5186     2060   531    12     4
5187     1785   399    12     4
5188     1032   304     8     5
5190     1095  1220    30    24
5191      674   794    17    13
5192      146   321     5     4
5194      306   528     5     4
5197      668   419     7     5
5199     1433   480    15     7
5200      906   324    10     8
5201      664   381    11     6
5202      764   370     4     5
5204      353   492    12     2
5207     1024   553    11     5
5209      276   516     7     7
5211      959   345     2     5
5213      392   602    13     5
5215      507   944    24     9
5216     1001   347     5     5
5218     1088   411    13     3
5219      810   386     7     4
5220      623   775    11    11
5221      993  1025    15     9
5222      798   990    27    10
5223      651   513     9     6
5224      373   566    10     6
5226      851  1535    17    14
5228      704   819     6    10
5230      493   641    10     7
5231       30    57     1     0
5232      153   182     3     0
5233       14    83     0     1
5234        0     0     0     0
5235        0     0     0     0
5236        0     0     0     0
5237        0     0     0     0
5238       30     7     0     0
5239        0     0     0     0
5240       58    27     1     0
5244     1438   960    21    14
5246      961   802    15     9
5247        0     0     0     0
5248      558   587    14     2
5249     1486   885    18    18
5251        1     1     0     0
5252      908   888    13    12
5255     1123   972    23     9
5256      429   471     7     4
5257      537   563     8     6
5258        0     0     0     0
5259      453   584    16     6
5261      485   456    14    12
5262     1176   561    14     9
5263      252   431     6     6
5264      907   688     6     9
5265       53    37     1     0
5268      901   507    17     4
5270     1091   687    17     6
5272      451   333     7     3
5273      265   210     6     1
5274        4     0     0     0
5275        0     0     0     0
5279       57    72     0     1
5282     1220   777    12     8
5284       94   254     6     3
5285     1233  1131    20    17
5286      762   625    12    10
5288      718   346    11     6
5289     1012   338     9     4
5290     1401   642    20    10
5291      614   354    11     5
5292     1015   878    19    12
5293      997   532    14     7
5294      998   573    15     5
5295      578   759    21     8
5296      702   658    13     5
5297      715   668    20    11
5298     1356   788    29    14
5300      637   564    15    15
5301      839   548    13     6
5302      645   384     8     5
5303      882   889    12    13
5306     1042   791    14    11
5308      775   909    16    17
5310      163   214     3     1
5311      729  1367    14     6
5313      300   506     3     0
5314      516   798     3     4
5316      783   586     7     5
5317      180   818     5     1
5320      478   978     6    11
5321       21    33     0     0
5322        8     9     1     0
5323     1887  1042    23     8
5327       41   162     4     2
5328     1270  1024    11     6
5329      887   665     9     2
5330      436   281     4     2
5331      707   675     3    10
5332      837   497     6     6
5333     1063   662    12     8
5334      797  1034    10    14
5336      679   550     9     7
5338      622   467     9     7
5340     1188   655    23    10
5341     1014   574     8     1
5343      816  1345    16    12
5344      522  1126     9    10
5345      275   498    10     2
5347      680   312     7     1
5349      695   522     7     3
5350        5    14     0     0
5351      390   324     6     4
5353      149   290     2     4
5354      226   630     5     3
5355     1126   970    13     8
5357     1378   844    12     8
5363     2700  1303    37    15
5366      297   327     3     0
5367      889  1012    12    10
5368      577   654     7     3
5369     1151   764     5     6
5370     1083   976    15    13
5372     1269   661    12    11
5373      550   294     4     2
5374      913   942     6     7
5375      793   717     8    11
5376      746   617     7     6
5377     1397  1637    26    11
5381        1     0     0     0
5383      478   532     6     5
5385        7     1     0     0
5391      580   483     8     3
5392      765   726    10    10
5393      664   785     7     7
5394      389   394     4     5
5395      558   545     5     0
5397      676   651    11     3
5398       87   131     2     1
5399       91    79     1     2
5400      493  1239     2     6
5403       88   685     1     1
5404      465   484     3     7
5407      819   489    15     4
5410      457   368     4     4
5413      410   205     3     3
5414        0     0     0     0
5415      611   422    10     7
5416        0     0     0     0
5418      628   743     5     5
5420      967   263     9     9
5422     1141   477     9     8
5423      924   983    15     8
5424      697   371    12     5
5425        0     0     0     0
5428      709   672     8     2
5430      965   816    12    13
5431      853   501    11     5
5437      543   984    12     3
5440     1093  1236    11     5
5443     1023  1247    12     9
5446     1351  1215    15     3
5449      655   767    15    10
5451        6    34     0     0
5454      257   109     0     1
5455      755   586     4    11
5457        0     2     0     0
5458       63    34     0     0
5459        0     0     0     0
5460      139   979     2     4
5463      656   338     7     7
5464      540   377     5     2
5465      363  1210     8     3
5466       35   379     1     5
5467       94   950     4     1
5469      904   650    11    10
5470     1059   784    14     9
5471     1346   659    10     6
5472     1324   775    19     5
5474      789   548    16     6
5475      402   185     7     4
5476      724   657     7     2
5481      277   881     4     2
5483       70    70     2     0
5484      324   407     4     4
5485     1102   746    21     9
5486      857   866    19    10
5489      738   402     8     0
5493      641   480     5     4
5495      501   390     5     9
5496      769   813    21    12
5498     1157   881    21    10
5499      549   419     9     5
5500      788   611    10     7
5502      325   448     9     0
5503     1040  1006    16    10
5505        0     0     0     0
5506     1125  1253    23    12
5507      361   414     5     3
5508      912  1003    23    13
5509      215   401     4     3
5510      177   251     2     3
5511      235   397     7     2
5513      345   769     7     6
5515      408   844     3     0
5517      292   304     2     3
5518      305   403     3     4
5519      272   433     8     3
5520      526   571     7     6
5521      384   336     5     2
5522      317   268     2     3
5523      450   524    10     5
5524      484   578     5     1
5526      354   506     9     3
5527       20    74     1     0
5528      196   850     3     4
5529      103   267     1     2
5530        1     4     0     0
5531       29    15     0     0
5532      878   592     8     5
5534      847   812    11     4
5535      583   801     1     4
5538        7    50     0     0
5539      999   724     6     4
5543     1068   758     9     6
5544      513   404     7     2
5545      614   700     9     4
5546      416   365     3     1
5548        7    81     0     0
5550      578   752    10     7
5551      941   710    15     6
5552      676   916     9     4
5553     1049   751     8     9
5555     1297  1158    16    12
5557      482   464     8     2
5558      340   452     6     1
5559      438   505     9     4
5560      969   645    14     7
5561      318   265     3     4
5563      184   382     2     4
5564      312   567     0     2
5566      492   619     8     6
5567      659   642     5     5
5568      904   687    11     5
5569      477   303     7     1
5570     1103  1230    14     7
5571     1570  1466    14     8
5572     1172  1536     9     7
5574     1211  1962    10     8
5578       16     5     0     0
5579       23    14     0     0
5580        0     0     0     0
5582     1703   640    10     5
5585     1151   732    10     8
5586        1     0     0     0
5587        0     1     0     0
5588     1868  1276    23     8
5591       75    29     0     1
5594     1767  1360    16     8
5598     1337   906    14    15
5599        2     0     0     0
5601      890   589    11     6
5602     2953  1145    20    12
5603        0     1     0     0
5604      721   538     6     2
5605        0     0     0     0
5606     1556  1145     7     6
5607       18    13     0     0
5608      723   265    12     7
5609     1615   873     9    14
5610     1674   657    13     8
5616        0     0     0     0
5617      132   980     6     3
5618      200  1002     4     2
5619      117   220     2     0
5620      239   236     5     4
5622      110   279     3     3
5625       59   215     1     0
5626      383  1687    19     8
5630      215   743     4     2
5631       20   440     0     0
5633       59   549     2     1
5635        3   244     0     0
5636        6   237     1     0
5639       13    91     2     0
5640        9   316     2     0
5641        7   315     1     0
5642        2    10     0     0
5643       20  1088     2     0
5645       18   253     0     0
5647      101   817     0     0
5649      100   807     2     0
5650      313  1051     5     2
5651      375   987    10     4
5655       47   179     0     0
5658      661   547     7     5
5660      124   104     2     4
5664      493  1099    10     9
5667       13   418     0     0
5668      448   770    16     3
5669      264   199     4     5
5671      456  1222    19    10
5674      572  1051    15    10
5676      376   854     8     7
5680      346   874     9    12
5683       91   444     5     2
5684      235   566    10     4
5686      237   431     5     1
5687        4     1     0     0
5688       21   152     1     0
5690       63   213     3     2
5692      450   800     6     6
5693       66   320     2     1
5694      751  1048     9     4
5695       16    84     0     1
5697      203   537     7     1
5698      508  1550     6     7
5699      171   323     6     1
5700        6   298     0     1
5701       79   259     0     0
5702        1     2     0     0
5703        0     0     0     0
5704      199  1665     5     3
5707      256   733     5     1
5709      150  1151     0     0
5711      197   949     3     2
5712      233   796     5     1
5714      141  1032     6     4
5715       71   797     3     2
5717       69   661     2     0
5718      129   598     3     1
5719      111   432     5     0
5721      306   984     6     2
5723      220  1696     7     4
5725       11    14     0     0
5726       88  1391     3     3
5729      131   442     2     1
5730      204   522     7     3
5731       50   142     2     0
5733      137  1110     2     2
5735        4    16     0     0
5736       20    96     1     1
5737       60   192     2     1
5738      212  1007     2     2
5740       66    97     1     0
5741       90  1545     2     3
5744       28    54     3     0
5745        4    19     0     0
5746      150   310     1     3
5747      210   498     5     3
5749       70   106     0     1
5751      351   347     6     3
5755       55    49     1     0
5756      122   141     1     1
5758      145   498     4     5
5760       27   341     2     3
5761       11  1111     2     0
5762        5   456     1     0
5764       25   280     2     2
5766       52   836     3     0
5769        4   569     0     0
5770        7   875     2     0
5771        6   785     1     2
5772        4   743     1     0
5773        3   289     0     0
5774        3   441     1     0
5775       11   873     0     2
5776        7   756     0     1
5777       14   459     2     0
5779        1     8     0     0
5780       84   149     1     0
5781      182   348     3     2
5782       41    78     0     1
5783       69   108     1     1
5785      105    97     2     2
5787      325   755     7     1
5790      290   637     3     3
5794      111    81     1     1
5795      597   867     9     6
5798        0     0     0     0
5799        0     0     0     0
5800       75   269     1     2
5802       59   337     2     1
5806       84   393     2     2
5808        7   294     0     0
5809        0     5     0     0
5811        0     0     0     0
5812       15   695     1     1
5813       15   940     2     2
5816       12    52     0     0
5818       22    84     1     0
5819       17   251     0     1
5820       44   369     0     0
5821       23    76     0     0
5822       85  1159     3     0
5823       20   579     0     1
5824       14   709     1     0
5825       20   895     1     1
5827       17  1514     2     0
5829       16   710     2     0
5833       66   662     2     0
5834       56   537     0     2
5835       22   427     2     0
5836       24   919     1     0
5837        9   515     0     0
5838       18   939     0     0
5839       15  1296     1     0
5840       17  1377     4     1
5842        5   323     0     1
5845      194  1243     4     4
5846      604   674     4     9
5848       72  1688     0     0
5849       13  1529     2     2
5850       15  1257     4     1
5852       14   563     3     0
5853       17  1575     2     1
5854      127  2175     3     2
5857       85  1871     3     2
5858      147  1581     7     2
5859      102  1639     3     3
5861      108  1456     3     1
5863       26  1534     1     2
5864        8   932     0     0
5865       17  1171     3     0
5866        5   922     3     1
5867       18  1545     2     1
5868       59  2073     3     2
5871       25  1592     2     1
5873       31  1626     3     0
5874       21  1320     3     0
5875       30  1518     1     0
5877       38  1747     4     3
5880       20  1330     1     1
5881       29  1693     1     0
5882        7   983     1     0
5883       10   805     1     1
5884        5   110     0     0
5886       59   208     1     0
5887        7    12     0     1
5889      336   798     3     1
5892      405   999     3     3
5895      105   352     2     0
5896       77    96     1     1
5898      602  1354     9     7
5899      444  1576     4     3
5900      149  1578     2     4
5902      407  3200     6     9
5904      197   975     2     0
5905      435  1245     5     3
5906      145   226     4     0
5907      299   423     5     0
5908      370  1966     6     2
5909      200   263     0     1
5910       85   508     5     1
5911      214  1240     5     1
5912       67   355     0     0
5913       78   933     4     2
5914       22    80     0     0
5915       51    81     2     0
5916       39    35     0     0
5917      538  2034     7     5
5918      191  2164     2     2
5924       66   133     0     1
5926      172  1722     4     0
5931      186  2333     6     5
5937       23    33     0     0
5939       65   180     1     2
5943      170  2746     4     3
5948       30   430     2     1
5951      301  1064     2     6
5959      964  1170    17     9
5970        1     3     0     0
5973     1053   876    14     8
5976      755   577     8     5
5979        0     0     0     0
5980      311   526     3     2
5990      238   747     6     0
5995        0     0     0     0
5996     1206   852    12     7
5997      403   910     3     2
5999      138   229     0     1
6004      403  1457    10     6
6005      830   514     7    14
6007      602  2947     8    13
6010      759  2295    15    11
6012      549  1158     4     3
6014        0     0     0     0
6016      444  1563    11     4
6017      287  1411     4     2
6018      990   665     9     7
6020      639   567     9     5
6023      483   866     7     4
6025      501   781     5     8
6027      729   847     5     4
6028      120  1017     2     2
6030      958   731     8     9
6031      894   881    15    10
6033      514   693     4     7
6036       81    59     0     0
6037      658   747     5     4
6039      310   384     0     3
6040        0     0     0     0
6043        0     0     0     0
6045      220   403     5     1
6046        0     0     0     0
6049      993  2589    24    15
6051      293  1452     4     6
6053        0     0     0     0
6056      714  1739    10    13
6060        0     0     0     0
6061        6    20     0     0
6062        0     0     0     0
6063       16    54     0     1
6064      153   113     0     1
6066      351   996    10     0
6068      204  1032     6     4
6070      165   600     3     1
6071      118   280     3     3
6072       10    82     0     1
6073        0     0     0     0
6074        0     0     0     0
6075      192   799     3     3
6079      512  1159    10     3
6080      384   875     9     5
6081      314   660     9     2
6082      147   417     2     4
6084      152   258     1     2
6086      103   276     2     2
6088      241   516     6     3
6089      233   543     9     1
6090      331   879    12    15
6091      163   441     6     1
6092       18    72     2     0
6093       24    89     0     0
6094      258   542     5     3
6096      370   947     5     7
6098       92   288     1     0
6099      379  1188     9     4
6100      250   636     8     2
6102      220   545     6     4
6104      650   988     9     9
6106      221   225     3     4
6107      219   974     4     3
6109       20   131     0     0
6112       66   122     2     0
6114       20   289     2     0
6115       86   307     2     0
6116      267   749     7     3
6120       94   305     2     1
6123       20    84     0     0
6124        0     0     0     0
6125       19    24     0     0
6126        0     0     0     0
6128       69   119     0     0
6129     1215  1619    17    10
6132      739   653     8     5
6133     1062  1448    15    10
6134      945  1675    14     8
6136      495   551    10     6
6137     1324  1239    17     3
6139      662   637     5    10
6140      465   642     5     7
6141      354   511     3     4
6142       17   512     1     1
6144      736   518     7     8
6146      641   507     7     7
6147      288   349     4     2
6148      432   437    11     3
6150      502   446     6     9
6152      520   675    13     3
6154      535   276     8     5
6156      237   376     8     5
6157       96    99     1     2
6159     1417   755     3    20
6160       64   116     1     2
6161        0     2     0     0
6162      228   267     3     4
6163        0     0     0     0
6164      477   417     3     4
6167        0     0     0     0
6169        0     0     0     0
6170      951   962    10    10
6171      644   450    15    10
6173     1370   977    19     7
6174      732   597    14     3
6175       10    19     0     0
6176      839   733     9     7
6177      819   639    13     5
6178      911   757    18     8
6179      373   495     6    10
6180        0     0     0     0
6181      250   216     1     2
6184      608  1061     6     5
6187      430   838    12     1
6189      947   559     9     6
6190      450   390     6     4
6191      594   424    12     4
6192      103   212     3     5
6193      353   200     4     0
6194      305   322     3     4
6195       77    34     0     0
6196      207   167     0     0
6197      623   315     3     7
6198      719   610    16     7
6199        1     4     0     0
6201        0     0     0     0
6202      659  1261     2    12
6203      619   533     5     7
6204      692   669    11     9
6205      561   436     8     5
6206      847   586    15     8
6207      581   347     4     2
6208     1497  1063    30    14
6209        2     4     0     0
6212        0     0     0     0
6213      656  1865    12     5
6215      600  1247     6    10
6217      568   449     6     4
6218      544   323    10     4
6219      192   471     2     4
6222      144   369     4     3
6223      757   493     7     0
6225      377   502     8    12
6228        0     0     0     0
6229        1     1     0     0
6231     1814  1577    22    16
6233        0     0     0     0
6234      852  1178    11     8
6236     1281  1449    22    13
6237      971  1179    16    13
6239        0     0     0     0
6241      116   170     2     2
6242      131    89     4     2
6243      167   158     5     1
6244       55    41     0     0
6245        3     0     0     0
6246      379   613     8     7
6247        0     1     0     0
6248     1569   600    18    14
6249     1758   742    26     5
6250      793   300     9     3
6252     1121   512    10     7
6255     1874   883    16    12
6257     1260   626     9     6
6258     1055   581     9     8
6261       25    10     0     0
6264        0     0     0     0
6267     1220   553     7     6
6269     1006   846    10    11