0001 47 114  2090  5.45  10  113  67
0002 48 86  1838  4.68  4  86  38
0003 42 107  1473  7.26  3  105  65
0004 59 121  1623  7.46  3  118  62
0005 34 114  1357  8.40  2  113  80
0006 115 348  3529  9.86  11  345  233
0007 2 3  1078  0.28  1  3  1
0008 92 191  1686  11.33  7  185  99
0009 17 32  1702  1.88  1  31  15
0010 22 32  1697  1.89  0  32  10
0011 11 26  1793  1.45  2  23  15
0012 24 41  712  5.76  2  41  17
0013 170 373  2791  13.36  8  368  203
0014 97 292  1848  15.80  10  289  195
0015 105 424  2775  15.28  21  413  319
0016 42 76  912  8.33  2  76  34
0017 42 106  1083  9.79  4  105  64
0018 76 161  1374  11.72  10  160  85
0019 21 31  968  3.20  4  30  10
0020 32 68  3009  2.26  1  66  36
0021 10 19  975  1.95  1  19  9
0022 50 74  2485  2.98  4  73  24
0023 2 4  489  0.82  0  4  2
0024 0 1  601  0.17  0  1  1
0025 5 6  1034  0.58  0  6  1
0026 30 47  1798  2.61  1  45  17
0027 30 60  2951  2.03  0  59  30
0028 176 328  2719  12.06  7  319  152
0029 32 51  2647  1.93  2  49  19
0030 34 60  1976  3.04  7  60  26
0031 4 4  2488  0.16  0  4  0
0032 47 113  2064  5.47  3  111  66
0033 92 158  3407  4.64  5  157  66
0034 58 120  2585  4.64  1  118  62
0035 0 0  10  0.00  0  0  0
0036 64 106  2792  3.80  8  102  42
0037 52 104  1846  5.63  4  103  52
0038 104 206  2640  7.80  13  201  102
0039 66 131  2646  4.95  4  128  65
0040 30 77  524  14.69  4  75  47
0041 28 63  1145  5.50  1  62  35
0042 0 0  1112  0.00  0  0  0
0043 94 139  1615  8.61  11  138  45
0044 13 30  1950  1.54  0  28  17
0045 52 115  5839  1.97  4  112  63
0046 10 22  2445  0.90  0  22  12
0047 3 3  1622  0.18  0  3  0
0048 8 9  983  0.92  0  9  1
0049 183 351  3038  11.55  8  344  168
0050 128 319  4621  6.90  15  316  191
0051 102 177  1543  11.47  4  172  75
0052 63 150  2236  6.71  4  146  87
0053 60 178  2742  6.49  6  178  118
0054 58 114  1539  7.41  4  114  56
0055 21 37  1285  2.88  1  36  16
0056 103 216  1270  17.01  10  213  113
0057 108 239  3041  7.86  10  236  131
0058 58 138  2435  5.67  4  137  80
0059 51 163  2206  7.39  4  160  112
0060 44 98  2220  4.41  8  97  54
0061 25 44  2180  2.02  3  44  19
0062 13 46  2160  2.13  1  45  33
0063 94 236  1765  13.37  14  227  142
0064 13 22  2064  1.07  1  21  9
0065 11 34  2165  1.57  0  34  23
0066 7 8  1087  0.74  1  8  1
0067 23 55  2684  2.05  0  54  32
0068 4 4  2695  0.15  0  4  0
0069 3 8  1295  0.62  0  8  5
0070 202 416  3040  13.68  9  412  214
0071 92 216  3518  6.14  5  216  124
0072 23 35  1815  1.93  2  33  12
0073 40 137  1459  9.39  5  136  97
0074 495 871  3631  23.99  24  856  376
0075 30 72  1315  5.48  3  70  42
0076 109 250  2321  10.77  8  247  141
0077 2 11  564  1.95  1  11  9
0078 18 29  1449  2.00  1  27  11
0079 6 22  2921  0.75  0  22  16
0080 43 84  2649  3.17  7  78  41
0081 34 65  1787  3.64  4  64  31
0082 169 423  3213  13.17  11  418  254
0083 189 363  5432  6.68  5  361  174
0084 60 120  1370  8.76  4  118  60
0085 2 3  2091  0.14  0  3  1
0086 59 139  2527  5.50  5  135  80
0087 155 415  2699  15.38  11  410  260
0088 45 84  663  12.67  4  84  39
0089 49 157  1090  14.40  2  155  108
0090 325 641  3496  18.34  17  629  316
0091 48 98  1197  8.19  1  95  50
0092 245 460  2210  20.81  18  455  215
0093 64 120  3257  3.68  3  114  56
0094 4 10  529  1.89  0  10  6
0095 334 630  3161  19.93  12  623  296
0096 8 11  1212  0.91  3  11  3
0097 337 561  4468  12.56  26  553  224
0098 116 295  2365  12.47  13  292  179
0099 52 79  1989  3.97  3  74  27
0100 52 84  1734  4.84  2  82  32
0101 13 21  912  2.30  0  21  8
0102 28 34  1896  1.79  3  34  6
0103 132 291  4538  6.41  7  289  159
0104 4 7  1841  0.38  2  7  3
0105 26 33  2122  1.56  1  33  7
0106 2 6  289  2.08  0  6  4
0107 7 13  1856  0.70  1  13  6
0108 223 323  3158  10.23  13  316  100
0109 1 1  2907  0.03  1  1  0
0110 123 314  2770  11.34  11  311  191
0111 197 425  3528  12.05  16  421  228
0112 129 293  2870  10.21  9  290  164
0113 155 339  2482  13.66  13  328  184
0114 154 357  2528  14.12  15  346  203
0115 10 14  1739  0.81  0  14  4
0116 354 764  2951  25.89  28  752  410
0117 47 101  1839  5.49  7  96  54
0118 131 222  722  30.75  6  216  91
0119 286 704  4742  14.85  33  694  418
0120 219 403  2901  13.89  12  395  184
0121 10 63  651  9.68  0  62  53
0122 5 8  2181  0.37  0  8  3
0123 23 55  1301  4.23  2  54  32
0124 384 786  5682  13.83  17  777  402
0125 96 180  2233  8.06  4  175  84
0126 258 519  2732  19.00  16  514  261
0127 124 201  1647  12.20  8  199  77
0128 119 387  2223  17.41  18  379  268
0129 329 785  5329  14.73  15  776  456
0130 350 619  2201  28.12  17  607  269
0131 18 58  1655  3.50  2  57  40
0132 4 4  2449  0.16  2  4  0
0133 104 338  2590  13.05  5  331  234
0134 51 115  1445  7.96  3  113  64
0135 226 516  2690  19.18  15  510  290
0136 4 4  2106  0.19  1  4  0
0137 35 71  745  9.53  2  70  36
0138 5 5  1750  0.29  0  4  0
0139 141 269  2656  10.13  3  263  128
0140 32 52  3062  1.70  4  51  20
0141 22 45  879  5.12  2  44  23
0142 9 21  862  2.44  2  21  12
0143 362 523  4294  12.18  10  512  161
0144 0 0  1154  0.00  0  0  0
0145 3 3  1578  0.19  0  3  0
0146 82 237  1934  12.25  10  231  155
0147 27 62  2760  2.25  2  60  35
0148 95 303  2428  12.48  12  298  208
0149 194 315  5662  5.56  9  312  121
0150 0 0  1207  0.00  0  0  0
0151 1 1  845  0.12  1  1  0
0152 17 32  2663  1.20  2  32  15
0153 13 28  1739  1.61  2  27  15
0154 20 33  2112  1.56  1  32  13
0155 313 552  4078  13.54  14  545  239
0156 7 8  3099  0.26  2  8  1
0157 2 4  2292  0.17  0  4  2
0158 2 3  2927  0.10  1  3  1
0159 8 16  957  1.67  0  15  8
0160 0 0  694  0.00  0  0  0
0161 0 0  1034  0.00  0  0  0
0162 16 29  1233  2.35  2  29  13
0163 45 65  2999  2.17  7  63  20
0164 0 0  1437  0.00  0  0  0
0165 207 435  2243  19.39  18  427  228
0166 6 30  980  3.06  1  30  24
0167 0 0  23  0.00  0  0  0
0168 2 2  517  0.39  0  2  0
0169 2 3  2496  0.12  0  3  1
0170 60 98  1857  5.28  6  95  38
0171 2 4  1611  0.25  0  4  2
0172 6 29  582  4.98  2  29  23
0173 219 492  2981  16.50  19  485  273
0174 238 541  3074  17.60  16  535  303
0175 120 321  2441  13.15  3  316  201
0176 78 239  1564  15.28  3  233  161
0177 78 175  1469  11.91  7  171  97
0178 136 325  1705  19.06  9  322  189
0179 73 124  1477  8.40  5  122  51
0180 1 5  2776  0.18  0  5  4
0181 24 44  1939  2.27  1  43  20
0182 120 421  3253  12.94  20  412  301
0183 129 414  2406  17.21  15  410  285
0184 2 16  935  1.71  1  16  14
0185 44 110  1899  5.79  7  108  66
0186 1 6  789  0.76  0  6  5
0187 1 3  301  1.00  0  3  2
0188 29 58  1595  3.64  6  56  29
0189 48 142  1420  10.00  7  139  94
0190 30 61  1718  3.55  3  61  31
0191 14 30  1373  2.18  2  29  16
0192 7 11  2029  0.54  2  10  4
0193 2 3  1057  0.28  1  3  1
0194 24 54  1673  3.23  0  54  30
0195 1 3  1720  0.17  1  3  2
0196 0 1  320  0.31  0  1  1
0197 3 5  2856  0.18  0  5  2
0198 0 0  639  0.00  0  0  0
0199 317 649  3094  20.98  28  639  332
0200 191 318  3145  10.11  22  313  127
0201 0 1  708  0.14  0  1  1
0202 3 5  1461  0.34  0  5  2
0203 5 9  880  1.02  0  9  4
0204 215 441  3389  13.01  11  433  226
0205 2 2  1655  0.12  0  2  0
0206 38 76  2601  2.92  7  74  38
0207 25 46  1130  4.07  2  44  21
0208 47 63  2155  2.92  1  62  16
0209 0 0  0  0.00  0  0  0
0210 13 26  2200  1.18  5  25  13
0211 49 125  2704  4.62  4  120  76
0212 5 14  1248  1.12  1  14  9
0213 335 896  3250  27.57  21  881  561
0214 111 277  1759  15.75  13  273  166
0215 105 317  2126  14.91  6  311  212
0216 6 14  1915  0.73  1  14  8
0217 281 600  2587  23.19  14  591  319
0218 47 120  2240  5.36  7  117  73
0219 10 14  2629  0.53  0  14  4
0220 99 169  2330  7.25  6  166  70
0221 82 185  2468  7.50  5  182  103
0222 95 286  2365  12.09  5  283  191
0223 60 111  3359  3.30  4  110  51
0224 101 237  2159  10.98  14  233  136
0225 88 159  2998  5.30  5  158  71
0226 13 25  2369  1.06  0  25  12
0227 226 455  1759  25.87  5  449  229
0228 7 7  1044  0.67  1  7  0
0229 1 11  795  1.38  0  11  10
0230 0 0  1083  0.00  0  0  0
0231 23 43  2174  1.98  4  43  20
0232 88 234  1684  13.90  9  230  146
0233 194 385  3992  9.64  12  382  191
0234 498 1007  3759  26.79  27  996  509
0235 1 2  1303  0.15  0  2  1
0236 2 2  2126  0.09  0  2  0
0237 3 5  2167  0.23  0  5  2
0238 2 2  1868  0.11  1  1  0
0239 5 6  1992  0.30  2  6  1
0240 0 1  2666  0.04  0  1  1
0241 39 69  2275  3.03  1  66  30
0242 56 103  1548  6.65  5  101  47
0243 0 0  451  0.00  0  0  0
0244 85 193  2920  6.61  7  188  108
0245 203 429  5072  8.46  11  420  226
0246 168 350  2925  11.97  6  344  182
0247 3 4  1584  0.25  0  4  1
0248 20 38  2082  1.83  1  36  18
0249 160 310  2628  11.80  14  302  150
0250 1 2  940  0.21  0  2  1
0251 3 4  2045  0.20  1  4  1
0252 3 6  2334  0.26  1  6  3
0253 2 4  2213  0.18  1  4  2
0254 11 17  1445  1.18  2  17  6
0255 70 268  2345  11.43  4  264  198
0256 152 263  3185  8.26  11  254  111
0257 14 37  2330  1.59  1  35  23
0258 294 747  3247  23.01  24  739  453
0259 5 5  2395  0.21  0  5  0
0260 36 67  1166  5.75  2  67  31
0261 17 19  728  2.61  1  18  2
0262 256 478  4157  11.50  17  469  222
0263 246 537  3240  16.57  10  535  291
0264 188 403  2899  13.90  17  394  215
0265 507 942  3594  26.21  30  922  435
0266 51 107  2096  5.10  7  107  56
0267 33 59  1338  4.41  0  56  26
0268 81 297  2329  12.75  9  295  216
0269 259 543  1959  27.72  8  534  284
0270 199 425  3468  12.25  22  419  226
0271 0 0  2406  0.00  0  0  0
0272 38 122  2076  5.88  4  119  84
0273 193 589  2391  24.63  12  577  396
0274 209 371  2046  18.13  10  362  162
0275 26 39  1677  2.33  1  39  13
0276 1 1  2520  0.04  0  1  0
0277 37 76  1465  5.19  1  70  39
0278 122 233  2356  9.89  6  228  111
0279 59 129  1866  6.91  4  125  70
0280 35 71  1497  4.74  5  69  36
0281 147 375  2591  14.47  15  369  228
0282 88 310  1910  16.23  9  301  222
0283 0 0  0  0.00  0  0  0
0284 203 283  3208  8.82  14  274  80
0285 12 28  2456  1.14  2  27  16
0286 39 76  5554  1.37  2  75  37
0287 77 217  1592  13.63  9  213  140
0288 4 6  2247  0.27  0  6  2
0289 38 89  1506  5.91  4  84  51
0290 87 174  1538  11.31  11  170  87
0291 91 165  1183  13.95  2  164  74
0292 7 11  1257  0.88  0  11  4
0293 78 181  1729  10.47  11  181  103
0294 2 2  2078  0.10  1  2  0
0295 0 0  860  0.00  0  0  0
0296 109 245  1656  14.79  8  240  136
0297 68 126  1940  6.49  7  122  58
0298 97 246  2066  11.91  6  242  149
0299 28 44  1161  3.79  2  42  16
0300 294 617  4942  12.48  7  608  323
0301 39 110  2374  4.63  6  104  71
0302 89 202  2713  7.45  11  200  113
0303 447 853  3122  27.32  20  838  406
0304 174 364  2213  16.45  4  354  190
0305 101 143  3498  4.09  6  141  42
0306 256 423  1823  23.20  6  416  167
0307 296 613  2859  21.44  21  605  317
0308 30 58  1217  4.77  2  55  28
0309 293 646  2515  25.69  22  637  353
0310 141 278  1420  19.58  14  268  137
0311 173 305  2984  10.22  16  297  132
0312 270 472  3601  13.11  7  462  202
0313 1 2  57  3.51  0  2  1
0314 190 416  5126  8.12  12  407  226
0315 167 335  1607  20.85  16  328  168
0316 118 234  1514  15.46  6  232  116
0317 28 67  1439  4.66  3  66  39
0318 7 8  3445  0.23  1  7  1
0319 15 26  2066  1.26  3  24  11
0320 40 72  1485  4.85  1  70  32
0321 43 51  2009  2.54  3  51  8
0322 19 44  1313  3.35  1  44  25
0323 64 116  1680  6.90  4  114  52
0324 170 453  2333  19.42  11  438  283
0325 32 45  2208  2.04  6  45  13
0326 17 31  679  4.57  2  30  14
0327 1 1  1734  0.06  0  1  0
0328 31 66  1345  4.91  2  66  35
0329 26 46  1319  3.49  3  44  20
0330 69 133  1798  7.40  1  131  64
0331 0 0  0  0.00  0  0  0
0332 4 8  128  6.25  0  8  4
0333 160 390  2841  13.73  11  384  230
0334 13 15  736  2.04  0  13  2
0335 23 36  1169  3.08  1  34  13
0336 16 29  2929  0.99  1  29  13
0337 10 12  898  1.34  0  12  2
0338 128 185  4592  4.03  13  179  57
0339 17 32  1684  1.90  0  30  15
0340 336 640  3663  17.47  29  637  304
0341 6 22  1221  1.80  1  22  16
0342 31 46  5470  0.84  0  42  15
0343 8 25  1873  1.33  0  24  17
0344 2 2  1192  0.17  0  2  0
0345 19 28  1628  1.72  2  28  9
0346 1 1  1  100.00  0  1  0
0347 161 337  3243  10.39  12  332  176
0348 204 320  1729  18.51  14  312  116
0349 44 124  1281  9.68  5  123  80
0350 95 199  2828  7.04  7  199  104
0351 515 902  4507  20.01  20  881  387
0352 136 248  3146  7.88  6  243  112
0353 42 77  3609  2.13  7  75  35
0354 62 99  3108  3.19  6  98  37
0355 2 11  1361  0.81  0  10  9
0356 235 451  2764  16.32  16  441  216
0357 241 466  3343  13.94  12  462  225
0358 13 16  2238  0.71  0  14  3
0359 12 19  2935  0.65  2  19  7
0360 113 211  2154  9.80  7  206  98
0361 8 14  1620  0.86  2  14  6
0362 224 547  4879  11.21  14  538  323
0363 110 194  3204  6.05  6  190  84
0364 114 215  2487  8.64  6  212  101
0365 13 19  1288  1.48  0  19  6
0366 4 13  2018  0.64  1  13  9
0367 7 15  988  1.52  0  15  8
0368 15 31  916  3.38  2  31  16
0369 2 5  429  1.17  0  5  3
0370 378 735  5618  13.08  20  727  357
0371 0 0  485  0.00  0  0  0
0372 6 13  1190  1.09  0  13  7
0373 0 0  161  0.00  0  0  0
0374 16 22  735  2.99  0  21  6
0375 60 92  2546  3.61  2  89  32
0376 35 68  1899  3.58  5  66  33
0377 190 427  2847  15.00  19  423  237
0378 68 213  1748  12.19  15  210  145
0379 18 25  1970  1.27  0  24  7
0380 180 420  4568  9.19  13  413  240
0381 84 129  2640  4.89  7  124  45
0382 27 71  824  8.62  3  70  44
0383 39 97  2049  4.73  2  96  58
0384 24 73  2549  2.86  4  71  49
0385 242 619  2153  28.75  20  605  377
0386 211 409  2844  14.38  14  398  198
0387 125 322  3619  8.90  14  319  197
0388 201 368  5012  7.34  11  364  167
0389 1 5  994  0.50  0  5  4
0390 11 24  1567  1.53  0  24  13
0391 172 263  1761  14.93  7  260  91
0392 1 1  1426  0.07  1  1  0
0393 20 50  1177  4.25  5  49  30
0394 11 31  845  3.67  1  31  20
0395 176 417  1767  23.60  20  407  241
0396 3 5  2072  0.24  1  5  2
0397 20 35  746  4.69  1  34  15
0398 137 263  3762  6.99  12  259  126
0399 117 255  2481  10.28  15  251  138
0400 137 318  2187  14.54  8  313  181
0401 4 7  1887  0.37  1  6  3
0402 8 10  1706  0.59  1  10  2
0403 121 287  1662  17.27  6  282  166
0404 110 229  2556  8.96  11  222  119
0405 0 0  0  0.00  0  0  0
0406 0 0  611  0.00  0  0  0
0407 253 591  3594  16.44  28  582  338
0408 12 21  930  2.26  0  21  9
0409 15 27  1351  2.00  1  27  12
0410 13 23  835  2.75  0  21  10
0411 38 60  2266  2.65  1  59  22
0412 0 0  418  0.00  0  0  0
0413 129 219  2968  7.38  15  216  90
0414 244 463  3462  13.37  17  454  219
0415 197 431  2080  20.72  15  426  234
0416 132 275  3487  7.89  15  271  143
0417 86 191  2430  7.86  10  187  105
0418 83 150  3329  4.51  4  148  67
0419 225 363  2682  13.53  10  355  138
0420 331 710  4578  15.51  26  703  379
0421 8 13  446  2.91  1  13  5
0422 4 7  3313  0.21  3  7  3
0423 16 72  875  8.23  1  70  56
0424 70 99  844  11.73  4  98  29
0425 21 42  867  4.84  1  42  21
0426 83 164  1225  13.39  5  163  81
0427 44 77  1096  7.03  3  77  33
0428 50 71  4212  1.69  4  68  21
0429 51 75  3884  1.93  5  75  24
0430 22 36  1606  2.24  1  33  14
0431 59 91  3065  2.97  4  90  32
0432 14 28  1308  2.14  0  28  14
0433 8 10  570  1.75  0  9  2
0434 101 252  1326  19.00  4  243  151
0435 290 587  3047  19.26  26  579  297
0436 174 388  2927  13.26  13  385  214
0437 191 480  1988  24.14  18  471  289
0438 220 460  1762  26.11  11  451  240
0439 276 680  3337  20.38  30  666  404
0440 216 693  2847  24.34  7  681  477
0441 153 387  1606  24.10  9  379  234
0442 193 449  2504  17.93  12  443  256
0443 93 166  580  28.62  4  164  73
0444 215 450  3127  14.39  11  439  235
0445 214 396  1896  20.89  14  392  182
0446 5 17  255  6.67  1  17  12
0447 16 29  562  5.16  2  29  13
0448 157 366  3046  12.02  12  359  209
0449 0 1  147  0.68  0  1  1
0450 44 125  2607  4.79  3  124  81
0451 447 782  2641  29.61  11  762  335
0452 161 327  2764  11.83  8  324  166
0453 51 96  1860  5.16  11  94  45
0454 0 1  2557  0.04  0  1  1
0455 2 3  1673  0.18  1  3  1
0456 127 260  3282  7.92  10  256  133
0457 0 0  0  0.00  0  0  0
0458 7 11  1857  0.59  0  11  4
0459 349 579  2935  19.73  16  576  230
0460 33 51  2212  2.31  4  51  18
0461 463 867  3663  23.67  15  847  404
0462 97 254  3317  7.66  21  253  157
0463 91 171  2848  6.00  10  167  80
0464 114 312  2106  14.81  14  310  198
0465 199 421  3301  12.75  20  414  222
0466 299 587  3982  14.74  29  575  288
0467 17 27  1212  2.23  4  27  10
0468 30 93  3316  2.80  5  89  63
0469 519 826  3689  22.39  16  816  307
0470 49 121  1319  9.17  2  121  72
0471 100 230  2307  9.97  10  225  130
0472 39 96  1009  9.51  3  94  57
0473 234 428  1818  23.54  16  423  194
0474 162 436  2992  14.57  13  433  274
0475 34 78  1603  4.87  2  74  44
0476 96 246  2393  10.28  9  241  150
0477 193 449  3110  14.44  23  441  256
0478 268 547  4049  13.51  21  539  279
0479 181 490  2599  18.85  15  484  309
0480 123 270  2255  11.97  14  266  147
0481 221 487  3276  14.87  17  481  266
0482 249 431  4069  10.59  13  422  182
0483 341 535  4058  13.18  15  524  194
0484 320 704  4479  15.72  16  699  384
0485 290 550  4699  11.70  26  545  260
0486 234 492  3508  14.03  12  488  258
0487 85 118  3197  3.69  5  115  33
0488 51 109  1692  6.44  5  105  58
0489 71 142  1809  7.85  4  140  71
0490 98 200  1860  10.75  10  196  102
0491 107 240  1762  13.62  6  236  133
0492 203 382  2329  16.40  9  372  179
0493 191 326  1773  18.39  19  322  135
0494 17 19  2109  0.90  1  18  2
0495 129 252  2278  11.06  8  247  123
0496 30 79  2060  3.83  2  78  49
0497 6 10  2211  0.45  1  9  4
0498 62 119  2064  5.77  6  117  57
0499 334 625  2272  27.51  26  619  291
0500 189 486  3156  15.40  13  479  297
0501 22 69  1590  4.34  0  68  47
0502 196 313  2324  13.47  11  308  117
0503 20 41  1337  3.07  1  40  21
0504 235 529  2184  24.22  17  519  294
0505 133 284  3599  7.89  12  280  151
0506 43 91  3300  2.76  3  87  48
0507 26 30  2339  1.28  2  26  4
0508 80 137  3170  4.32  4  130  57
0509 211 403  3464  11.63  25  397  192
0510 162 353  3448  10.24  11  349  191
0511 0 0  0  0.00  0  0  0
0512 99 206  4476  4.60  6  202  107
0513 408 708  2715  26.08  17  693  300
0514 276 557  3830  14.54  18  555  281
0515 289 622  3145  19.78  10  610  333
0516 247 473  4809  9.84  19  465  226
0517 144 234  3262  7.17  8  228  90
0518 126 361  3710  9.73  13  353  235
0519 184 369  2898  12.73  8  366  185
0520 37 83  3887  2.14  3  83  46
0521 104 202  2669  7.57  10  202  98
0522 196 435  2676  16.26  18  424  239
0523 196 418  2983  14.01  18  413  222
0524 64 148  3238  4.57  4  146  84
0525 58 139  2884  4.82  4  135  81
0526 6 14  709  1.97  0  12  8
0527 6 15  555  2.70  2  15  9
0528 0 0  97  0.00  0  0  0
0529 375 621  3508  17.70  19  618  246
0530 4 7  1180  0.59  0  7  3
0531 116 174  1077  16.16  6  166  58
0532 69 138  964  14.32  4  136  69
0533 22 50  1046  4.78  2  50  28
0534 314 517  3796  13.62  30  503  203
0535 5 9  411  2.19  0  9  4
0536 56 138  4443  3.11  3  137  82
0537 260 653  2918  22.38  20  637  393
0538 2 2  1269  0.16  1  2  0
0539 4 6  68  8.82  0  6  2
0540 83 127  1452  8.75  8  121  44
0541 31 57  4078  1.40  3  54  26
0542 4 8  2473  0.32  0  8  4
0543 18 35  1513  2.31  1  35  17
0544 2 5  311  1.61  2  5  3
0545 141 316  3289  9.61  17  310  175
0546 0 0  26  0.00  0  0  0
0547 125 324  2345  13.82  7  320  199
0548 51 117  2095  5.58  4  114  66
0549 9 26  2483  1.05  1  26  17
0550 158 342  2785  12.28  10  335  184
0551 303 753  5975  12.60  15  743  450
0552 317 763  3212  23.75  24  757  446
0553 102 200  4266  4.69  6  198  98
0554 17 31  1729  1.79  2  31  14
0555 14 30  2066  1.45  1  29  16
0556 31 48  2181  2.20  2  47  17
0557 72 113  2736  4.13  3  110  41
0558 119 184  3968  4.64  10  183  65
0559 89 123  4485  2.74  2  120  34
0560 3 9  1157  0.78  0  9  6
0561 85 226  2976  7.59  15  224  141
0562 0 1  637  0.16  0  1  1
0563 437 649  2897  22.40  21  629  212
0564 53 101  3043  3.32  2  100  48
0565 10 14  1357  1.03  0  13  4
0566 58 102  2855  3.57  5  100  44
0567 72 90  2131  4.22  3  84  18
0568 263 544  3420  15.91  15  536  281
0569 117 292  3157  9.25  8  289  175
0570 28 68  1427  4.77  1  65  40
0571 24 26  1738  1.50  0  26  2
0572 152 266  2919  9.11  5  262  114
0573 0 0  1612  0.00  0  0  0
0574 1 6  381  1.57  0  6  5
0575 4 11  78  14.10  0  11  7
0576 4 5  2634  0.19  1  5  1
0577 46 72  571  12.61  1  70  26
0578 102 278  1666  16.69  2  272  176
0579 23 41  1745  2.35  2  40  18
0580 0 0  1008  0.00  0  0  0
0581 1 2  1042  0.19  0  2  1
0582 4 6  1602  0.37  1  6  2
0583 1 1  1219  0.08  0  1  0
0584 4 4  969  0.41  0  4  0
0585 4 5  2346  0.21  0  5  1
0586 108 320  4180  7.66  14  317  212
0587 58 117  2156  5.43  5  112  59
0588 143 489  3411  14.34  21  486  346
0589 125 223  3057  7.29  9  215  98
0590 315 585  2093  27.95  19  577  270
0591 12 24  2101  1.14  1  24  12
0592 17 29  1235  2.35  3  29  12
0593 68 165  3966  4.16  4  161  97
0594 57 135  2301  5.87  7  131  78
0595 4 26  1584  1.64  0  25  22
0596 89 185  2785  6.64  11  180  96
0597 44 80  3121  2.56  6  78  36
0598 69 100  706  14.16  3  98  31
0599 159 293  3946  7.43  10  284  134
0600 103 185  3721  4.97  10  180  82
0601 341 733  3960  18.51  19  724  392
0602 70 174  1226  14.19  4  172  104
0603 133 311  3740  8.32  15  307  178
0604 249 413  2864  14.42  18  410  164
0605 92 131  5114  2.56  5  127  39
0606 3 3  1037  0.29  1  2  0
0607 7 7  707  0.99  1  7  0
0608 19 66  1234  5.35  2  63  47
0609 145 385  3224  11.94  10  379  240
0610 55 108  1800  6.00  6  104  53
0611 6 7  2461  0.28  1  6  1
0612 339 619  3244  19.08  15  610  280
0613 7 19  1411  1.35  1  17  12
0614 110 187  3845  4.86  4  182  77
0615 136 282  1912  14.75  13  277  146
0616 143 394  3335  11.81  11  391  251
0617 91 181  3434  5.27  5  180  90
0618 172 258  5143  5.02  13  250  86
0619 276 606  4213  14.38  18  603  330
0620 254 390  5110  7.63  10  384  136
0621 42 69  1161  5.94  2  67  27
0622 234 400  4262  9.39  12  391  166
0623 280 474  3378  14.03  11  461  194
0624 1 1  15  6.67  0  1  0
0625 143 329  1784  18.44  4  324  186
0626 212 368  2771  13.28  19  360  156
0627 58 125  2881  4.34  3  122  67
0628 38 82  1599  5.13  5  79  44
0629 2 5  589  0.85  0  5  3
0630 19 27  3017  0.89  3  27  8
0631 271 471  2678  17.59  11  467  200
0632 2 2  222  0.90  0  1  0
0633 240 533  3182  16.75  16  521  293
0634 79 212  2897  7.32  9  210  133
0635 187 400  3237  12.36  10  399  213
0636 270 635  3791  16.75  29  623  365
0637 26 61  2446  2.49  4  59  35
0638 7 16  1990  0.80  1  16  9
0639 127 362  2454  14.75  12  353  235
0640 117 240  3486  6.88  4  236  123
0641 133 368  3285  11.20  12  362  235
0642 162 329  1766  18.63  6  325  167
0643 146 251  5193  4.83  14  245  105
0644 215 468  5164  9.06  15  461  253
0645 149 319  3906  8.17  10  316  170
0646 33 72  2133  3.38  1  67  39
0647 81 106  5395  1.96  5  100  25
0648 236 486  3135  15.50  7  478  250
0649 96 145  4334  3.35  9  138  49
0650 264 647  3109  20.81  25  636  383
0651 163 400  4828  8.29  6  395  237
0652 26 49  2561  1.91  5  48  23
0653 0 0  0  0.00  0  0  0
0654 169 433  5645  7.67  26  426  264
0655 218 494  6135  8.05  10  490  276
0656 5 9  2598  0.35  0  9  4
0657 20 58  1175  4.94  2  57  38
0658 127 306  2773  11.03  12  301  179
0659 313 660  4480  14.73  32  654  347
0660 20 41  4910  0.84  1  41  21
0661 141 296  4079  7.26  17  292  155
0662 387 819  4743  17.27  34  805  432
0663 136 293  3167  9.25  10  289  157
0664 27 37  2758  1.34  3  36  10
0665 155 296  1975  14.99  12  293  141
0666 0 0  0  0.00  0  0  0
0667 135 367  2152  17.05  10  364  232
0668 75 227  2381  9.53  13  225  152
0669 247 616  3187  19.33  22  610  369
0670 326 582  2938  19.81  19  574  256
0671 87 220  2905  7.57  13  217  133
0672 219 457  4511  10.13  12  450  238
0673 258 475  2968  16.00  23  466  217
0674 319 615  3991  15.41  25  607  296
0675 0 0  0  0.00  0  0  0
0676 0 0  0  0.00  0  0  0
0677 15 27  939  2.88  0  27  12
0678 58 111  745  14.90  3  110  53
0679 201 401  3279  12.23  17  393  200
0680 3 5  177  2.82  1  5  2
0681 0 1  5  20.00  0  1  1
0682 248 448  4094  10.94  17  441  200
0683 1 4  263  1.52  0  2  3
0684 4 8  173  4.62  0  8  4
0685 23 35  341  10.26  3  34  12
0686 2 5  192  2.60  1  4  3
0687 104 243  2468  9.85  3  241  139
0688 276 572  3220  17.76  19  564  296
0689 40 105  2246  4.67  5  103  65
0690 220 565  3993  14.15  26  559  345
0691 0 0  32  0.00  0  0  0
0692 129 281  2530  11.11  10  275  152
0693 28 49  642  7.63  1  49  21
0694 87 139  797  17.44  8  138  52
0695 50 94  1608  5.85  5  92  44
0696 89 166  2074  8.00  6  160  77
0697 53 117  4224  2.77  2  114  64
0698 14 20  2893  0.69  2  18  6
0699 142 335  2260  14.82  5  331  193
0700 81 163  1289  12.65  3  160  82
0701 19 24  542  4.43  2  24  5
0702 3 3  545  0.55  0  3  0
0703 127 366  1824  20.07  15  362  239
0704 173 381  2818  13.52  17  375  208
0705 6 12  1493  0.80  0  12  6
0706 43 73  515  14.17  9  71  30
0707 50 78  691  11.29  5  78  28
0708 7 26  563  4.62  0  26  19
0709 246 444  6061  7.33  15  437  198
0710 73 186  1966  9.46  9  183  113
0711 194 365  3263  11.19  12  356  171
0712 93 149  3243  4.59  4  147  56
0713 49 100  1796  5.57  5  99  51
0714 11 19  300  6.33  0  19  8
0715 42 65  1362  4.77  4  63  23
0716 145 269  2625  10.25  12  263  124
0717 18 31  1899  1.63  1  25  13
0718 309 625  3986  15.68  14  615  316
0719 63 103  1611  6.39  2  102  40
0720 241 507  3812  13.30  12  500  266
0721 265 471  2779  16.95  13  465  206
0722 14 24  4241  0.57  2  22  10
0723 18 49  1738  2.82  1  48  31
0724 52 133  700  19.00  8  133  81
0725 104 157  2089  7.52  3  151  53
0726 186 382  1933  19.76  10  374  196
0727 63 101  2363  4.27  2  100  38
0728 64 100  863  11.59  9  100  36
0729 37 68  447  15.21  3  65  31
0730 154 295  1596  18.48  8  288  141
0731 6 7  366  1.91  0  7  1
0732 141 272  1869  14.55  13  266  131
0733 1 3  170  1.76  0  3  2
0734 329 628  5709  11.00  13  616  299
0735 1 5  22  22.73  0  5  4
0736 0 0  21  0.00  0  0  0
0737 5 7  50  14.00  0  7  2
0738 13 17  1233  1.38  1  17  4
0739 86 181  2846  6.36  3  178  95
0740 24 46  909  5.06  2  45  22
0741 0 2  0  0.00  0  2  2
0742 0 0  0  0.00  0  0  0
0743 2 7  197  3.55  0  7  5
0744 122 267  2004  13.32  9  266  145
0745 224 378  2366  15.98  17  369  154
0746 34 56  682  8.21  0  55  22
0747 67 199  3434  5.79  13  194  132
0748 53 85  1275  6.67  6  85  32
0749 6 9  362  2.49  0  9  3
0750 44 69  680  10.15  2  69  25
0751 174 444  4298  10.33  19  436  270
0752 116 185  1523  12.15  7  183  69
0753 12 28  260  10.77  1  28  16
0754 0 0  0  0.00  0  0  0
0755 63 153  3432  4.46  8  150  90
0756 67 97  1512  6.42  5  93  30
0757 26 47  3293  1.43  2  45  21
0758 280 566  3680  15.38  20  557  286
0759 119 220  2599  8.46  7  219  101
0760 435 826  4062  20.33  27  815  391
0761 202 339  1424  23.81  10  336  137
0762 0 0  0  0.00  0  0  0
0763 16 33  1165  2.83  3  33  17
0764 224 438  4843  9.04  4  434  214
0765 114 207  3857  5.37  2  205  93
0766 3 7  381  1.84  0  7  4
0767 6 9  95  9.47  0  9  3
0768 339 744  5264  14.13  25  738  405
0769 0 2  148  1.35  0  2  2
0770 5 5  243  2.06  0  5  0
0771 76 146  2305  6.33  6  144  70
0772 391 867  5526  15.69  16  859  476
0773 40 54  2599  2.08  2  53  14
0774 0 3  289  1.04  0  3  3
0775 0 0  72  0.00  0  0  0
0776 111 260  2768  9.39  11  258  149
0777 5 13  642  2.02  0  13  8
0778 0 0  0  0.00  0  0  0
0779 13 25  1131  2.21  0  24  12
0780 11 26  570  4.56  0  25  15
0781 164 245  3656  6.70  10  240  81
0782 94 170  2158  7.88  3  168  76
0783 18 24  244  9.84  0  24  6
0784 2 3  1055  0.28  0  3  1
0785 6 9  297  3.03  0  9  3
0786 13 28  1279  2.19  1  28  15
0787 8 17  486  3.50  2  16  9
0788 27 35  478  7.32  2  33  8
0789 0 0  3  0.00  0  0  0
0790 0 0  4  0.00  0  0  0
0791 0 0  0  0.00  0  0  0
0792 22 53  1818  2.92  2  51  31
0793 171 241  2386  10.10  9  236  70
0794 6 9  2522  0.36  0  9  3
0795 13 22  1186  1.85  0  21  9
0796 16 29  480  6.04  2  28  13
0797 0 0  0  0.00  0  0  0
0798 6 30  487  6.16  0  30  24
0799 0 1  145  0.69  0  1  1
0800 133 370  2774  13.34  9  368  237
0801 1 5  257  1.95  0  5  4
0802 5 10  295  3.39  1  10  5
0803 132 362  2642  13.70  5  357  230
0804 220 408  4210  9.69  10  402  188
0805 235 497  2812  17.67  11  493  262
0806 0 0  0  0.00  0  0  0
0807 9 19  1971  0.96  2  18  10
0808 0 3  74  4.05  0  3  3
0809 3 3  80  3.75  0  3  0
0810 0 2  216  0.93  0  2  2
0811 1 2  269  0.74  0  2  1
0812 0 0  0  0.00  0  0  0
0813 166 298  5285  5.64  11  293  132
0814 68 122  4288  2.85  6  117  54
0815 0 0  0  0.00  0  0  0
0816 0 0  75  0.00  0  0  0
0817 0 0  0  0.00  0  0  0
0818 7 11  518  2.12  0  11  4
0819 15 29  232  12.50  1  27  14
0820 0 0  0  0.00  0  0  0
0821 10 13  1168  1.11  1  13  3
0822 4 7  1539  0.45  0  7  3
0823 138 322  4623  6.97  15  317  184
0824 43 61  2707  2.25  1  57  18
0825 0 0  0  0.00  0  0  0
0826 11 31  339  9.14  1  30  20
0827 7 17  958  1.77  3  17  10
0828 119 316  1850  17.08  6  314  197
0829 4 6  258  2.33  0  6  2
0830 0 0  1  0.00  0  0  0
0831 0 0  0  0.00  0  0  0
0832 6 7  354  1.98  0  7  1
0833 0 0  16  0.00  0  0  0
0834 0 0  0  0.00  0  0  0
0835 3 7  282  2.48  0  7  4
0836 0 0  18  0.00  0  0  0
0837 0 0  0  0.00  0  0  0
0838 0 0  0  0.00  0  0  0
0839 7 14  1098  1.28  0  14  7
0840 58 82  1609  5.10  1  79  24
0841 0 0  0  0.00  0  0  0
0842 85 168  3017  5.57  10  166  83
0843 0 0  0  0.00  0  0  0
0844 0 0  13  0.00  0  0  0
0845 12 14  62  22.58  0  14  2
0846 2 3  212  1.42  0  3  1
0847 23 47  1750  2.69  1  47  24
0848 59 138  1846  7.48  5  136  79
0849 26 65  2033  3.20  5  64  39
0850 7 11  203  5.42  1  10  4
0851 292 481  4194  11.47  14  475  189
0852 0 0  2  0.00  0  0  0
0853 185 460  2748  16.74  10  456  275
0854 4 4  178  2.25  0  4  0
0855 0 0  19  0.00  0  0  0
0856 0 0  0  0.00  0  0  0
0857 0 0  1  0.00  0  0  0
0858 1 1  376  0.27  0  1  0
0859 11 24  832  2.88  1  24  13
0860 1 1  0  0.00  0  1  0
0861 17 26  1740  1.49  3  26  9
0862 0 0  0  0.00  0  0  0
0863 0 0  638  0.00  0  0  0
0864 13 37  2439  1.52  1  36  24
0865 0 0  20  0.00  0  0  0
0866 0 0  0  0.00  0  0  0
0867 0 0  0  0.00  0  0  0
0868 31 54  2246  2.40  1  54  23
0869 8 8  465  1.72  0  8  0
0870 0 0  0  0.00  0  0  0
0871 0 0  4  0.00  0  0  0
0872 2 2  63  3.17  1  2  0
0873 6 11  689  1.60  2  10  5
0874 218 580  3103  18.69  17  574  362
0875 105 211  3787  5.57  6  209  106
0876 184 393  2921  13.45  15  391  209
0877 76 131  2396  5.47  4  130  55
0878 115 265  1629  16.27  0  262  150
0879 63 119  2262  5.26  4  116  56
0880 155 286  1940  14.74  4  283  131
0881 52 109  3485  3.13  3  107  57
0882 99 192  2301  8.34  11  190  93
0883 25 55  4492  1.22  2  52  30
0884 0 1  310  0.32  0  1  1
0885 120 213  2422  8.79  15  209  93
0886 38 56  693  8.08  3  55  18
0887 7 10  289  3.46  1  10  3
0888 0 0  0  0.00  0  0  0
0889 3 6  56  10.71  0  5  3
0890 26 45  967  4.65  5  45  19
0891 72 124  1399  8.86  8  120  52
0892 9 15  648  2.31  0  15  6
0893 0 0  5  0.00  0  0  0
0894 0 0  0  0.00  0  0  0
0895 37 102  775  13.16  1  101  65
0896 71 140  1390  10.07  7  139  69
0897 39 89  1606  5.54  3  89  50
0898 0 0  3  0.00  0  0  0
0899 0 0  9  0.00  0  0  0
0900 0 0  11  0.00  0  0  0
0901 0 0  0  0.00  0  0  0
0902 86 236  1852  12.74  6  234  150
0903 0 2  40  5.00  0  2  2
0904 0 0  1  0.00  0  0  0
0905 26 42  898  4.68  6  42  16
0906 1 6  28  21.43  0  6  5
0907 0 1  113  0.88  0  1  1
0908 0 0  0  0.00  0  0  0
0909 0 0  18  0.00  0  0  0
0910 3 6  226  2.65  0  6  3
0911 44 66  564  11.70  1  65  22
0912 90 174  1211  14.37  8  171  84
0913 0 0  0  0.00  0  0  0
0914 6 14  151  9.27  0  14  8
0915 0 0  0  0.00  0  0  0
0916 88 151  996  15.16  6  149  63
0917 67 102  470  21.70  2  101  35
0918 118 177  884  20.02  6  175  59
0919 0 0  3  0.00  0  0  0
0920 0 3  13  23.08  0  3  3
0921 6 7  77  9.09  0  7  1
0922 0 0  0  0.00  0  0  0
0923 68 100  691  14.47  2  98  32
0924 0 0  0  0.00  0  0  0
0925 0 0  0  0.00  0  0  0
0926 37 56  602  9.30  2  54  19
0927 6 19  264  7.20  1  19  13
0928 0 0  9  0.00  0  0  0
0929 0 0  0  0.00  0  0  0
0930 1 1  564  0.18  0  1  0
0931 9 21  127  16.54  1  21  12
0932 0 1  0  0.00  0  1  1
0933 13 22  555  3.96  1  22  9
0934 0 0  38  0.00  0  0  0
0935 1 1  63  1.59  0  1  0
0936 0 0  71  0.00  0  0  0
0937 0 0  0  0.00  0  0  0
0938 3 9  263  3.42  1  9  6
0939 0 0  3  0.00  0  0  0
0940 0 0  13  0.00  0  0  0
0941 2 10  24  41.67  0  10  8
0942 12 26  155  16.77  0  25  14
0943 67 110  509  21.61  4  107  43
0944 10 11  38  28.95  0  11  1
0945 0 0  15  0.00  0  0  0
0946 0 0  13  0.00  0  0  0
0947 46 109  809  13.47  5  106  63
0948 0 0  0  0.00  0  0  0
0949 8 19  200  9.50  0  19  11
0950 0 0  0  0.00  0  0  0
0951 5 8  201  3.98  0  8  3
0952 1 3  70  4.29  0  3  2
0953 1 3  432  0.69  1  3  2
0954 0 0  0  0.00  0  0  0
0955 2 3  20  15.00  0  3  1
0956 0 0  11  0.00  0  0  0
0957 5 5  545  0.92  0  5  0
0958 8 17  957  1.78  0  17  9
0959 0 0  0  0.00  0  0  0
0960 11 23  524  4.39  0  23  12
0961 0 0  52  0.00  0  0  0
0962 0 0  67  0.00  0  0  0
0963 15 22  334  6.59  0  21  7
0964 62 138  1383  9.98  1  137  76
0965 3 10  351  2.85  0  9  7
0966 28 39  1061  3.68  2  39  11
0967 3 5  76  6.58  0  5  2
0968 5 9  484  1.86  0  9  4
0969 1 3  571  0.53  1  3  2
0970 6 8  667  1.20  2  8  2
0971 0 0  101  0.00  0  0  0
0972 0 1  29  3.45  0  1  1
0973 5 9  106  8.49  0  9  4
0974 13 26  282  9.22  0  26  13
0975 10 22  167  13.17  1  21  12
0976 12 24  672  3.57  1  24  12
0977 6 13  518  2.51  0  10  7
0978 4 10  496  2.02  0  10  6
0979 1 4  24  16.67  0  4  3
0980 76 173  1315  13.16  3  172  97
0981 0 0  0  0.00  0  0  0
0982 62 106  958  11.06  8  103  44
0983 1 1  168  0.60  1  1  0
0984 3 3  210  1.43  0  3  0
0985 44 54  339  15.93  1  54  10
0986 5 7  373  1.88  0  6  2
0987 3 3  1123  0.27  0  2  0
0988 18 22  110  20.00  2  21  4
0989 3 5  36  13.89  0  5  2
0990 0 0  156  0.00  0  0  0
0991 0 0  1  0.00  0  0  0
0992 41 75  1003  7.48  4  72  34
0993 57 91  548  16.61  5  90  34
0994 0 0  5  0.00  0  0  0
0995 2 3  1238  0.24  0  3  1
0996 44 92  703  13.09  6  91  48
0997 15 32  1346  2.38  2  32  17
0998 0 0  29  0.00  0  0  0
0999 6 10  66  15.15  1  10  4
1000 2 3  445  0.67  0  3  1
1001 31 48  1514  3.17  2  47  17
1002 27 38  1699  2.24  2  35  11
1003 0 0  1  0.00  0  0  0
1004 26 73  647  11.28  4  71  47
1005 0 0  0  0.00  0  0  0
1006 0 0  4  0.00  0  0  0
1007 17 42  1298  3.24  4  42  25
1008 8 21  146  14.38  0  21  13
1009 0 0  8  0.00  0  0  0
1010 3 6  293  2.05  0  6  3
1011 1 3  29  10.34  0  3  2
1012 14 34  1201  2.83  0  34  20
1013 0 0  59  0.00  0  0  0
1014 0 1  36  2.78  0  1  1
1015 0 1  29  3.45  0  1  1
1016 36 76  1592  4.77  3  75  40
1017 0 5  220  2.27  0  5  5
1018 8 20  452  4.42  0  20  12
1019 2 2  1508  0.13  1  2  0
1020 0 0  1  0.00  0  0  0
1021 0 0  2  0.00  0  0  0
1022 35 58  416  13.94  3  58  23
1023 100 204  1937  10.53  0  204  104
1024 14 19  252  7.54  4  19  5
1025 0 1  15  6.67  0  1  1
1026 0 0  0  0.00  0  0  0
1027 0 0  0  0.00  0  0  0
1028 0 0  0  0.00  0  0  0
1029 89 212  1506  14.08  3  211  123
1030 70 138  627  22.01  0  136  68
1031 0 0  6  0.00  0  0  0
1032 7 23  250  9.20  1  22  16
1033 0 0  0  0.00  0  0  0
1034 0 0  2  0.00  0  0  0
1035 0 0  134  0.00  0  0  0
1036 18 33  424  7.78  2  31  15
1037 5 11  78  14.10  1  10  6
1038 3 3  236  1.27  0  3  0
1039 0 0  20  0.00  0  0  0
1040 13 24  572  4.20  0  24  11
1041 0 0  0  0.00  0  0  0
1042 16 21  496  4.23  2  20  5
1043 1 1  31  3.23  0  1  0
1044 3 4  62  6.45  0  4  1
1045 9 20  1355  1.48  2  18  11
1046 0 0  50  0.00  0  0  0
1047 28 38  1166  3.26  2  38  10
1048 0 0  18  0.00  0  0  0
1049 2 4  258  1.55  0  4  2
1050 9 18  492  3.66  0  18  9
1051 0 0  0  0.00  0  0  0
1052 0 1  0  0.00  0  1  1
1053 0 0  0  0.00  0  0  0
1054 0 0  2  0.00  0  0  0
1055 0 0  0  0.00  0  0  0
1056 0 0  6  0.00  0  0  0
1057 0 0  106  0.00  0  0  0
1058 25 46  1169  3.93  1  45  21
1059 1 1  23  4.35  0  1  0
1060 0 0  52  0.00  0  0  0
1061 75 112  1581  7.08  3  111  37
1062 0 2  158  1.27  0  2  2
1063 3 7  779  0.90  0  7  4
1064 5 14  119  11.76  2  13  9