0001 47 114  2090  28  5  0  7  1  5.45  0  62  0  67
0002 48 86  1838  18  3  0  3  2  4.68  3  53  0  38
0003 42 107  1473  31  6  0  4  1  7.26  0  59  1  65
0004 59 121  1623  18  8  0  2  0  7.46  1  85  1  62
0005 34 114  1357  26  3  0  6  0  8.40  0  75  1  80
0006 115 348  3529  60  16  1  65  1  9.86  0  190  1  233
0007 2 3  1078  0  1  0  1  0  0.28  0  0  0  1
0008 92 191  1686  32  8  0  14  1  11.33  0  121  2  99
0009 17 32  1702  9  1  0  1  0  1.88  1  17  1  15
0010 22 32  1697  12  1  0  3  0  1.89  0  16  0  10
0011 11 26  1793  4  2  0  1  0  1.45  0  14  0  15
0012 24 41  712  5  0  0  4  0  5.76  0  29  1  17
0013 170 373  2791  44  20  0  23  0  13.36  1  267  5  203
0014 97 292  1848  40  16  0  27  1  15.80  1  194  0  195
0015 105 424  2775  51  8  0  10  2  15.28  13  305  3  319
0016 42 76  912  14  5  0  5  0  8.33  2  48  0  34
0017 42 106  1083  25  5  1  7  0  9.79  0  63  0  64
0018 76 161  1374  27  11  0  6  0  11.72  6  99  1  85
0019 21 31  968  6  0  0  1  1  3.20  1  17  0  10
0020 32 68  3009  15  4  1  4  0  2.26  3  37  1  36
0021 10 19  975  6  0  0  1  0  1.95  0  11  0  9
0022 50 74  2485  11  3  0  3  1  2.98  0  50  1  24
0023 2 4  489  0  0  1  1  0  0.82  0  2  0  2
0024 0 1  601  0  0  0  0  0  0.17  0  1  0  1
0025 5 6  1034  2  0  0  2  0  0.58  0  2  0  1
0026 30 47  1798  6  6  0  6  0  2.61  1  24  1  17
0027 30 60  2951  12  2  1  6  0  2.03  0  38  0  30
0028 176 328  2719  38  12  1  16  0  12.06  0  242  3  152
0029 32 51  2647  3  3  1  1  0  1.93  0  38  1  19
0030 34 60  1976  11  3  0  3  0  3.04  1  34  1  26
0031 4 4  2488  0  0  0  0  0  0.16  0  4  0  0
0032 47 113  2064  35  8  0  2  1  5.47  1  60  1  66
0033 92 158  3407  39  6  1  10  0  4.64  5  90  1  66
0034 58 120  2585  26  0  0  4  0  4.64  4  80  3  62
0035 0 0  10  0  0  0  0  0  0.00  0  0  0  0
0036 64 106  2792  14  6  1  6  2  3.80  2  63  0  42
0037 52 104  1846  24  1  0  12  0  5.63  3  57  2  52
0038 104 206  2640  37  7  0  6  0  7.80  3  133  2  102
0039 66 131  2646  35  2  0  7  0  4.95  6  74  0  65
0040 30 77  524  7  2  0  3  0  14.69  2  56  1  47
0041 28 63  1145  8  4  1  8  0  5.50  0  40  0  35
0042 0 0  1112  0  0  0  0  0  0.00  0  0  0  0
0043 94 139  1615  28  10  2  7  0  8.61  0  76  4  45
0044 13 30  1950  8  2  0  1  0  1.54  0  16  1  17
0045 52 115  5839  18  5  1  12  0  1.97  0  71  1  63
0046 10 22  2445  7  0  1  2  0  0.90  0  12  0  12
0047 3 3  1622  0  0  0  0  0  0.18  0  3  0  0
0048 8 9  983  5  0  0  0  0  0.92  0  4  0  1
0049 183 351  3038  48  18  0  37  0  11.55  1  229  3  168
0050 128 319  4621  51  21  0  29  0  6.90  1  194  5  191
0051 102 177  1543  24  13  0  18  1  11.47  1  108  3  75
0052 63 150  2236  22  10  0  8  2  6.71  1  99  0  87
0053 60 178  2742  35  12  0  8  3  6.49  7  107  0  118
0054 58 114  1539  27  6  0  5  0  7.41  2  70  0  56
0055 21 37  1285  9  3  0  2  0  2.88  0  21  0  16
0056 103 216  1270  34  14  0  16  0  17.01  2  137  0  113
0057 108 239  3041  51  10  0  9  4  7.86  4  148  0  131
0058 58 138  2435  24  7  0  12  1  5.67  3  85  1  80
0059 51 163  2206  38  7  0  4  1  7.39  1  101  4  112
0060 44 98  2220  22  3  1  6  1  4.41  2  54  0  54
0061 25 44  2180  11  3  0  2  0  2.02  0  25  0  19
0062 13 46  2160  9  2  1  2  0  2.13  0  28  2  33
0063 94 236  1765  37  16  0  21  0  13.37  0  137  2  142
0064 13 22  2064  5  0  0  0  0  1.07  0  15  0  9
0065 11 34  2165  6  0  0  3  1  1.57  0  24  0  23
0066 7 8  1087  4  0  0  0  0  0.74  0  3  0  1
0067 23 55  2684  15  3  0  4  0  2.05  0  32  0  32
0068 4 4  2695  1  1  0  0  0  0.15  0  2  0  0
0069 3 8  1295  1  0  0  0  0  0.62  0  7  0  5
0070 202 416  3040  45  11  0  10  2  13.68  6  325  4  214
0071 92 216  3518  46  6  0  14  0  6.14  2  141  2  124
0072 23 35  1815  10  0  1  3  0  1.93  0  17  0  12
0073 40 137  1459  21  7  0  15  0  9.39  1  86  1  97
0074 495 871  3631  126  43  1  69  5  23.99  6  568  14  376
0075 30 72  1315  16  1  0  5  0  5.48  0  45  0  42
0076 109 250  2321  31  11  0  20  1  10.77  0  175  1  141
0077 2 11  564  3  0  0  1  0  1.95  0  6  0  9
0078 18 29  1449  5  2  0  0  0  2.00  0  19  0  11
0079 6 22  2921  4  0  0  2  0  0.75  0  14  2  16
0080 43 84  2649  8  2  0  5  0  3.17  0  56  0  41
0081 34 65  1787  12  3  0  5  0  3.64  0  40  0  31
0082 169 423  3213  55  20  1  36  0  13.17  1  289  5  254
0083 189 363  5432  39  9  0  37  1  6.68  2  262  6  174
0084 60 120  1370  20  10  0  14  0  8.76  1  68  1  60
0085 2 3  2091  2  1  0  0  0  0.14  0  0  0  1
0086 59 139  2527  23  4  0  8  0  5.50  0  94  1  80
0087 155 415  2699  52  7  0  10  3  15.38  10  317  0  260
0088 45 84  663  12  3  0  13  0  12.67  0  52  0  39
0089 49 157  1090  29  3  0  7  0  14.40  6  107  1  108
0090 325 641  3496  92  30  5  32  1  18.34  3  443  6  316
0091 48 98  1197  14  5  0  11  0  8.19  0  63  1  50
0092 245 460  2210  53  22  6  30  0  20.81  3  320  3  215
0093 64 120  3257  25  5  0  6  0  3.68  0  71  4  56
0094 4 10  529  3  0  0  1  0  1.89  0  6  0  6
0095 334 630  3161  43  20  0  20  1  19.93  5  522  0  296
0096 8 11  1212  3  0  0  1  0  0.91  0  4  0  3
0097 337 561  4468  76  36  1  55  1  12.56  1  350  7  224
0098 116 295  2365  40  21  2  21  1  12.47  2  189  3  179
0099 52 79  1989  13  4  1  6  0  3.97  1  45  1  27
0100 52 84  1734  20  5  0  10  0  4.84  0  45  0  32
0101 13 21  912  3  0  0  2  0  2.30  0  16  0  8
0102 28 34  1896  5  1  0  2  0  1.79  0  22  1  6
0103 132 291  4538  40  16  2  22  0  6.41  0  199  3  159
0104 4 7  1841  0  0  0  0  0  0.38  0  5  0  3
0105 26 33  2122  4  2  0  5  0  1.56  0  20  1  7
0106 2 6  289  0  2  0  0  0  2.08  0  3  1  4
0107 7 13  1856  1  0  0  1  0  0.70  0  10  0  6
0108 223 323  3158  37  18  1  24  0  10.23  0  223  0  100
0109 1 1  2907  0  0  0  0  0  0.03  0  0  0  0
0110 123 314  2770  44  16  0  29  1  11.34  0  208  2  191
0111 197 425  3528  62  18  1  54  0  12.05  1  262  7  228
0112 129 293  2870  36  14  0  25  1  10.21  2  202  1  164
0113 155 339  2482  38  20  0  21  2  13.66  5  222  7  184
0114 154 357  2528  48  20  0  30  0  14.12  3  225  5  203
0115 10 14  1739  0  0  0  2  0  0.81  0  12  0  4
0116 354 764  2951  103  34  0  60  1  25.89  9  501  16  410
0117 47 101  1839  14  9  0  5  0  5.49  0  61  0  54
0118 131 222  722  19  7  0  4  0  30.75  1  178  1  91
0119 286 704  4742  108  32  0  81  2  14.85  0  435  3  418
0120 219 403  2901  42  32  0  36  0  13.89  3  266  4  184
0121 10 63  651  15  1  0  7  0  9.68  0  39  0  53
0122 5 8  2181  0  0  0  1  0  0.37  1  6  0  3
0123 23 55  1301  12  3  0  3  0  4.23  0  33  1  32
0124 384 786  5682  88  42  0  76  0  13.83  1  546  7  402
0125 96 180  2233  27  18  0  17  0  8.06  1  104  4  84
0126 258 519  2732  86  29  0  41  1  19.00  0  334  7  261
0127 124 201  1647  18  9  0  13  2  12.20  0  146  3  77
0128 119 387  2223  56  13  0  17  1  17.41  10  261  3  268
0129 329 785  5329  70  40  0  52  2  14.73  2  594  1  456
0130 350 619  2201  51  20  1  21  0  28.12  1  495  1  269
0131 18 58  1655  7  6  0  7  0  3.50  0  35  0  40
0132 4 4  2449  0  0  0  0  0  0.16  0  2  0  0
0133 104 338  2590  52  13  0  15  1  13.05  5  237  3  234
0134 51 115  1445  21  5  0  9  0  7.96  1  72  2  64
0135 226 516  2690  37  9  0  15  1  19.18  11  420  2  290
0136 4 4  2106  1  1  0  0  0  0.19  0  1  0  0
0137 35 71  745  15  2  0  0  0  9.53  1  50  0  36
0138 5 5  1750  1  0  0  0  0  0.29  1  1  1  0
0139 141 269  2656  30  7  0  9  1  10.13  6  207  0  128
0140 32 52  3062  5  4  0  5  0  1.70  2  30  1  20
0141 22 45  879  10  1  0  3  0  5.12  0  28  0  23
0142 9 21  862  3  0  0  2  0  2.44  0  14  0  12
0143 362 523  4294  67  31  0  43  2  12.18  3  354  2  161
0144 0 0  1154  0  0  0  0  0  0.00  0  0  0  0
0145 3 3  1578  2  0  0  0  0  0.19  0  1  0  0
0146 82 237  1934  34  12  0  16  1  12.25  1  156  1  155
0147 27 62  2760  7  4  0  10  0  2.25  0  36  1  35
0148 95 303  2428  36  12  0  12  3  12.48  8  212  3  208
0149 194 315  5662  51  8  1  40  0  5.56  0  201  2  121
0150 0 0  1207  0  0  0  0  0  0.00  0  0  0  0
0151 1 1  845  0  0  0  0  0  0.12  0  0  0  0
0152 17 32  2663  5  2  0  5  1  1.20  0  17  0  15
0153 13 28  1739  3  1  0  3  0  1.61  0  17  1  15
0154 20 33  2112  6  2  0  1  0  1.56  0  22  0  13
0155 313 552  4078  47  32  1  33  2  13.54  4  404  8  239
0156 7 8  3099  1  0  0  0  0  0.26  0  5  0  1
0157 2 4  2292  0  1  0  1  0  0.17  0  2  0  2
0158 2 3  2927  0  0  0  1  0  0.10  0  1  0  1
0159 8 16  957  5  0  0  1  0  1.67  0  9  0  8
0160 0 0  694  0  0  0  0  0  0.00  0  0  0  0
0161 0 0  1034  0  0  0  0  0  0.00  0  0  0  0
0162 16 29  1233  1  1  0  3  0  2.35  0  20  2  13
0163 45 65  2999  8  2  1  4  1  2.17  0  40  0  20
0164 0 0  1437  0  0  0  0  0  0.00  0  0  0  0
0165 207 435  2243  57  21  0  20  0  19.39  7  302  2  228
0166 6 30  980  16  0  0  1  0  3.06  1  11  0  24
0167 0 0  23  0  0  0  0  0  0.00  0  0  0  0
0168 2 2  517  0  0  0  1  0  0.39  0  1  0  0
0169 2 3  2496  1  0  0  0  0  0.12  0  2  0  1
0170 60 98  1857  15  2  0  6  0  5.28  0  66  0  38
0171 2 4  1611  4  0  0  0  0  0.25  0  0  0  2
0172 6 29  582  2  2  0  1  0  4.98  0  22  0  23
0173 219 492  2981  63  25  0  59  0  16.50  1  314  4  273
0174 238 541  3074  74  24  0  35  0  17.60  13  368  5  303
0175 120 321  2441  42  14  0  21  0  13.15  5  229  2  201
0176 78 239  1564  35  14  0  10  0  15.28  3  167  1  161
0177 78 175  1469  25  8  0  3  0  11.91  1  126  1  97
0178 136 325  1705  29  5  0  14  1  19.06  3  259  2  189
0179 73 124  1477  32  4  0  7  0  8.40  0  74  0  51
0180 1 5  2776  1  0  0  1  0  0.18  1  2  0  4
0181 24 44  1939  6  3  0  1  0  2.27  1  31  0  20
0182 120 421  3253  41  19  0  22  0  12.94  13  294  3  301
0183 129 414  2406  50  19  0  13  0  17.21  6  306  1  285
0184 2 16  935  2  2  1  0  1  1.71  0  9  0  14
0185 44 110  1899  9  5  0  10  1  5.79  2  73  1  66
0186 1 6  789  0  1  1  0  0  0.76  0  4  0  5
0187 1 3  301  0  0  0  0  0  1.00  0  3  0  2
0188 29 58  1595  9  1  1  2  0  3.64  0  37  0  29
0189 48 142  1420  21  6  0  6  0  10.00  2  97  0  94
0190 30 61  1718  18  3  0  5  0  3.55  0  30  2  31
0191 14 30  1373  7  2  0  1  0  2.18  0  16  1  16
0192 7 11  2029  4  0  0  1  0  0.54  0  3  0  4
0193 2 3  1057  2  0  0  0  0  0.28  0  0  0  1
0194 24 54  1673  15  2  0  3  0  3.23  3  31  0  30
0195 1 3  1720  1  1  0  0  0  0.17  0  0  0  2
0196 0 1  320  0  0  0  0  0  0.31  0  1  0  1
0197 3 5  2856  1  0  1  1  0  0.18  0  2  0  2
0198 0 0  639  0  0  0  0  0  0.00  0  0  0  0
0199 317 649  3094  76  41  1  40  0  20.98  2  444  7  332
0200 191 318  3145  43  7  0  7  0  10.11  3  228  3  127
0201 0 1  708  0  0  0  0  0  0.14  0  1  0  1
0202 3 5  1461  2  0  0  1  0  0.34  0  2  0  2
0203 5 9  880  1  2  0  0  0  1.02  0  6  0  4
0204 215 441  3389  71  13  0  30  0  13.01  2  301  5  226
0205 2 2  1655  1  0  0  0  0  0.12  0  1  0  0
0206 38 76  2601  20  3  0  7  1  2.92  0  36  0  38
0207 25 46  1130  4  3  0  4  0  4.07  0  30  1  21
0208 47 63  2155  13  0  0  2  1  2.92  1  43  1  16
0209 0 0  0  0  0  0  0  0  0.00  0  0  0  0
0210 13 26  2200  5  1  0  2  0  1.18  0  12  0  13
0211 49 125  2704  21  5  2  10  0  4.62  1  76  1  76
0212 5 14  1248  3  0  0  1  0  1.12  0  9  0  9
0213 335 896  3250  70  30  0  29  1  27.57  15  714  1  561
0214 111 277  1759  40  12  0  22  0  15.75  2  181  3  166
0215 105 317  2126  47  9  0  12  1  14.91  10  221  5  212
0216 6 14  1915  6  0  0  0  0  0.73  0  7  0  8
0217 281 600  2587  42  10  0  8  1  23.19  10  505  1  319
0218 47 120  2240  17  4  1  7  0  5.36  0  79  2  73
0219 10 14  2629  2  2  0  1  0  0.53  0  9  0  4
0220 99 169  2330  24  10  1  15  1  7.25  0  106  3  70
0221 82 185  2468  27  9  0  14  0  7.50  1  124  2  103
0222 95 286  2365  41  2  0  7  1  12.09  3  224  0  191
0223 60 111  3359  16  3  1  9  0  3.30  3  74  0  51
0224 101 237  2159  40  7  0  13  0  10.98  2  155  2  136
0225 88 159  2998  29  11  1  9  0  5.30  1  101  1  71
0226 13 25  2369  3  4  0  2  0  1.06  0  16  0  12
0227 226 455  1759  29  9  0  3  0  25.87  3  397  3  229
0228 7 7  1044  0  0  0  2  0  0.67  0  3  1  0
0229 1 11  795  1  0  0  2  0  1.38  0  8  0  10
0230 0 0  1083  0  0  0  0  0  0.00  0  0  0  0
0231 23 43  2174  9  4  0  4  0  1.98  0  22  0  20
0232 88 234  1684  34  9  0  11  0  13.90  3  164  0  146
0233 194 385  3992  60  13  0  8  3  9.64  5  280  1  191
0234 498 1007  3759  51  28  0  21  0  26.79  8  861  0  509
0235 1 2  1303  0  0  0  0  0  0.15  0  2  0  1
0236 2 2  2126  0  0  0  0  0  0.09  0  2  0  0
0237 3 5  2167  1  1  0  0  1  0.23  0  2  0  2
0238 2 2  1868  0  0  0  0  0  0.11  0  0  0  0
0239 5 6  1992  0  0  0  0  0  0.30  0  4  0  1
0240 0 1  2666  0  0  0  0  0  0.04  0  1  0  1
0241 39 69  2275  7  3  1  8  0  3.03  0  46  0  30
0242 56 103  1548  22  6  1  5  0  6.65  0  62  0  47
0243 0 0  451  0  0  0  0  0  0.00  0  0  0  0
0244 85 193  2920  31  4  0  20  0  6.61  2  123  1  108
0245 203 429  5072  69  30  0  52  1  8.46  2  250  5  226
0246 168 350  2925  35  18  0  33  0  11.97  2  245  5  182
0247 3 4  1584  2  0  0  1  0  0.25  0  1  0  1
0248 20 38  2082  6  2  0  1  0  1.83  0  25  1  18
0249 160 310  2628  41  21  0  18  0  11.80  2  202  4  150
0250 1 2  940  0  0  0  0  0  0.21  0  2  0  1
0251 3 4  2045  0  1  0  1  0  0.20  0  1  0  1
0252 3 6  2334  0  0  0  1  0  0.26  0  4  0  3
0253 2 4  2213  0  0  0  0  0  0.18  0  3  0  2
0254 11 17  1445  2  2  0  1  0  1.18  0  10  0  6
0255 70 268  2345  44  13  0  19  1  11.43  8  173  2  198
0256 152 263  3185  35  9  0  21  0  8.26  4  170  4  111
0257 14 37  2330  6  4  0  1  0  1.59  0  23  0  23
0258 294 747  3247  84  28  0  44  0  23.01  8  548  3  453
0259 5 5  2395  0  0  0  0  0  0.21  0  5  0  0
0260 36 67  1166  8  5  0  10  0  5.75  0  42  0  31
0261 17 19  728  1  2  0  2  0  2.61  0  12  0  2
0262 256 478  4157  84  26  0  44  2  11.50  2  291  3  222
0263 246 537  3240  54  34  0  55  0  16.57  3  376  3  291
0264 188 403  2899  54  17  0  30  2  13.90  3  265  6  215
0265 507 942  3594  83  44  1  27  1  26.21  11  718  7  435
0266 51 107  2096  19  5  0  6  1  5.10  1  68  0  56
0267 33 59  1338  9  2  1  6  0  4.41  0  38  0  26
0268 81 297  2329  38  5  0  12  2  12.75  12  211  6  216
0269 259 543  1959  32  7  0  18  2  27.72  4  460  3  284
0270 199 425  3468  71  17  1  25  2  12.25  1  277  3  226
0271 0 0  2406  0  0  0  0  0  0.00  0  0  0  0
0272 38 122  2076  22  8  0  2  1  5.88  2  78  2  84
0273 193 589  2391  49  18  1  22  2  24.63  4  465  4  396
0274 209 371  2046  36  9  1  21  0  18.13  7  278  0  162
0275 26 39  1677  2  1  0  4  0  2.33  0  31  0  13
0276 1 1  2520  0  0  0  0  1  0.04  0  0  0  0
0277 37 76  1465  13  5  1  4  0  5.19  0  46  0  39
0278 122 233  2356  53  8  1  8  0  9.89  1  151  0  111
0279 59 129  1866  31  5  1  13  0  6.91  0  71  0  70
0280 35 71  1497  11  3  0  13  2  4.74  1  33  1  36
0281 147 375  2591  45  15  0  14  1  14.47  5  274  0  228
0282 88 310  1910  38  13  0  17  0  16.23  0  224  0  222
0283 0 0  0  0  0  0  0  0  0.00  0  0  0  0
0284 203 283  3208  33  15  1  17  0  8.82  5  184  5  80
0285 12 28  2456  5  2  0  2  0  1.14  0  16  0  16
0286 39 76  5554  15  8  1  10  0  1.37  0  39  0  37
0287 77 217  1592  29  8  1  19  0  13.63  5  141  1  140
0288 4 6  2247  1  0  0  0  0  0.27  0  5  0  2
0289 38 89  1506  14  4  0  5  0  5.91  0  56  1  51
0290 87 174  1538  35  3  0  3  0  11.31  0  117  1  87
0291 91 165  1183  19  4  0  11  0  13.95  0  124  4  74
0292 7 11  1257  0  0  0  1  0  0.88  0  10  0  4
0293 78 181  1729  33  14  0  11  0  10.47  1  110  1  103
0294 2 2  2078  0  1  0  0  0  0.10  0  0  0  0
0295 0 0  860  0  0  0  0  0  0.00  0  0  0  0
0296 109 245  1656  29  8  0  16  0  14.79  4  173  2  136
0297 68 126  1940  16  3  0  4  1  6.49  0  91  0  58
0298 97 246  2066  41  15  0  15  0  11.91  0  163  2  149
0299 28 44  1161  11  2  1  1  0  3.79  1  24  0  16
0300 294 617  4942  74  39  0  59  1  12.48  2  419  7  323
0301 39 110  2374  16  6  2  8  1  4.63  0  64  1  71
0302 89 202  2713  28  7  0  21  0  7.45  0  129  4  113
0303 447 853  3122  52  31  1  33  1  27.32  8  692  0  406
0304 174 364  2213  46  14  0  18  1  16.45  2  265  4  190
0305 101 143  3498  24  6  1  24  0  4.09  0  78  2  42
0306 256 423  1823  42  13  1  23  0  23.20  3  326  2  167
0307 296 613  2859  77  28  2  25  1  21.44  3  447  1  317
0308 30 58  1217  7  3  0  5  0  4.77  0  37  1  28
0309 293 646  2515  61  21  1  27  0  25.69  2  501  2  353
0310 141 278  1420  30  11  0  14  1  19.58  0  196  2  137
0311 173 305  2984  31  14  0  14  0  10.22  3  219  0  132
0312 270 472  3601  52  23  0  16  4  13.11  2  357  1  202
0313 1 2  57  0  0  0  0  0  3.51  0  2  0  1
0314 190 416  5126  54  24  0  37  0  8.12  3  274  3  226
0315 167 335  1607  39  11  0  32  0  20.85  2  226  2  168
0316 118 234  1514  30  6  0  17  0  15.46  4  168  1  116
0317 28 67  1439  9  2  0  5  0  4.66  1  44  2  39
0318 7 8  3445  1  0  0  0  0  0.23  0  5  0  1
0319 15 26  2066  2  2  0  3  0  1.26  0  14  0  11
0320 40 72  1485  12  4  0  6  0  4.85  0  46  1  32
0321 43 51  2009  5  0  0  1  1  2.54  0  41  0  8
0322 19 44  1313  3  7  0  3  0  3.35  0  30  0  25
0323 64 116  1680  20  9  1  5  0  6.90  2  72  1  52
0324 170 453  2333  64  24  0  25  0  19.42  3  311  0  283
0325 32 45  2208  5  2  1  2  0  2.04  0  29  0  13
0326 17 31  679  2  1  0  4  0  4.57  0  21  0  14
0327 1 1  1734  0  0  0  0  0  0.06  0  1  0  0
0328 31 66  1345  17  5  0  5  0  4.91  0  37  0  35
0329 26 46  1319  5  1  0  4  0  3.49  0  30  1  20
0330 69 133  1798  23  5  0  14  0  7.40  1  87  0  64
0331 0 0  0  0  0  0  0  0  0.00  0  0  0  0
0332 4 8  128  2  0  0  0  0  6.25  0  6  0  4
0333 160 390  2841  70  30  2  26  3  13.73  4  236  2  230
0334 13 15  736  3  1  0  1  0  2.04  0  8  0  2
0335 23 36  1169  5  2  0  2  0  3.08  0  24  0  13
0336 16 29  2929  8  2  0  2  0  0.99  0  16  0  13
0337 10 12  898  0  0  0  0  0  1.34  0  12  0  2
0338 128 185  4592  30  15  1  13  1  4.03  0  105  1  57
0339 17 32  1684  4  2  1  3  0  1.90  0  20  0  15
0340 336 640  3663  92  38  1  51  0  17.47  4  418  4  304
0341 6 22  1221  1  0  1  1  0  1.80  0  17  1  16
0342 31 46  5470  14  0  0  4  0  0.84  1  23  0  15
0343 8 25  1873  6  1  0  2  0  1.33  0  15  0  17
0344 2 2  1192  0  0  0  1  0  0.17  0  0  1  0
0345 19 28  1628  6  3  0  2  0  1.72  0  15  0  9
0346 1 1  1  0  1  0  0  0  100.00  0  0  0  0
0347 161 337  3243  56  21  0  21  0  10.39  2  219  1  176
0348 204 320  1729  24  21  0  22  1  18.51  2  226  2  116
0349 44 124  1281  25  6  0  15  0  9.68  1  69  2  80
0350 95 199  2828  37  3  0  11  0  7.04  6  134  1  104
0351 515 902  4507  104  41  0  61  4  20.01  5  642  4  387
0352 136 248  3146  39  13  0  24  2  7.88  0  157  2  112
0353 42 77  3609  8  0  0  9  0  2.13  1  49  1  35
0354 62 99  3108  16  4  0  9  0  3.19  0  60  3  37
0355 2 11  1361  2  0  0  0  0  0.81  0  8  0  9
0356 235 451  2764  62  19  0  24  3  16.32  6  309  2  216
0357 241 466  3343  69  28  0  50  2  13.94  0  298  3  225
0358 13 16  2238  2  2  0  0  0  0.71  0  10  0  3
0359 12 19  2935  5  1  0  0  0  0.65  0  10  1  7
0360 113 211  2154  27  11  0  9  0  9.80  3  149  0  98
0361 8 14  1620  9  0  0  0  0  0.86  0  3  0  6
0362 224 547  4879  75  33  0  49  1  11.21  7  355  4  323
0363 110 194  3204  23  14  1  21  0  6.05  1  124  0  84
0364 114 215  2487  25  9  2  18  0  8.64  1  148  3  101
0365 13 19  1288  3  0  0  2  0  1.48  0  13  1  6
0366 4 13  2018  0  1  0  4  0  0.64  0  7  0  9
0367 7 15  988  8  0  0  0  0  1.52  0  7  0  8
0368 15 31  916  2  2  0  4  0  3.38  0  19  2  16
0369 2 5  429  0  0  0  0  0  1.17  0  5  0  3
0370 378 735  5618  103  51  0  51  1  13.08  0  495  6  357
0371 0 0  485  0  0  0  0  0  0.00  0  0  0  0
0372 6 13  1190  1  1  0  1  0  1.09  0  10  0  7
0373 0 0  161  0  0  0  0  0  0.00  0  0  0  0
0374 16 22  735  1  0  0  0  0  2.99  0  20  0  6
0375 60 92  2546  9  2  0  5  0  3.61  0  69  2  32
0376 35 68  1899  12  4  0  9  0  3.58  0  34  2  33
0377 190 427  2847  60  36  0  29  0  15.00  2  273  4  237
0378 68 213  1748  44  7  0  22  0  12.19  1  117  4  145
0379 18 25  1970  3  1  0  2  0  1.27  0  16  2  7
0380 180 420  4568  54  22  0  24  3  9.19  2  287  8  240
0381 84 129  2640  17  9  0  12  1  4.89  2  75  1  45
0382 27 71  824  5  6  0  11  0  8.62  1  44  0  44
0383 39 97  2049  18  8  0  12  0  4.73  1  55  0  58
0384 24 73  2549  7  7  1  1  0  2.86  1  50  0  49
0385 242 619  2153  57  24  0  23  2  28.75  10  468  1  377
0386 211 409  2844  51  23  1  34  0  14.38  1  272  2  198
0387 125 322  3619  57  21  1  38  0  8.90  0  186  2  197
0388 201 368  5012  54  21  2  25  0  7.34  3  243  5  167
0389 1 5  994  5  0  0  0  0  0.50  0  0  0  4
0390 11 24  1567  6  2  0  2  0  1.53  2  12  0  13
0391 172 263  1761  33  17  2  14  0  14.93  1  183  3  91
0392 1 1  1426  0  0  0  0  0  0.07  0  0  0  0
0393 20 50  1177  12  6  0  2  0  4.25  0  23  1  30
0394 11 31  845  3  4  0  3  0  3.67  0  20  0  20
0395 176 417  1767  49  22  2  26  0  23.60  1  284  3  241
0396 3 5  2072  0  0  0  1  0  0.24  0  2  1  2
0397 20 35  746  7  6  0  1  0  4.69  0  19  0  15
0398 137 263  3762  41  18  0  13  0  6.99  2  170  3  126
0399 117 255  2481  27  19  1  11  0  10.28  1  173  4  138
0400 137 318  2187  32  15  0  18  0  14.54  1  238  1  181
0401 4 7  1887  1  0  0  0  0  0.37  0  4  0  3
0402 8 10  1706  0  1  0  1  0  0.59  0  6  1  2
0403 121 287  1662  36  8  1  8  2  17.27  5  214  2  166
0404 110 229  2556  31  20  0  26  0  8.96  3  128  3  119
0405 0 0  0  0  0  0  0  0  0.00  0  0  0  0
0406 0 0  611  0  0  0  0  0  0.00  0  0  0  0
0407 253 591  3594  58  26  1  39  1  16.44  6  421  2  338
0408 12 21  930  6  0  0  1  0  2.26  0  14  0  9
0409 15 27  1351  1  2  0  4  0  2.00  0  19  0  12
0410 13 23  835  4  1  1  1  0  2.75  0  13  1  10
0411 38 60  2266  13  3  0  6  0  2.65  0  36  0  22
0412 0 0  418  0  0  0  0  0  0.00  0  0  0  0
0413 129 219  2968  29  15  1  19  0  7.38  0  136  1  90
0414 244 463  3462  72  19  0  37  1  13.37  1  301  6  219
0415 197 431  2080  51  23  1  24  0  20.72  3  304  5  234
0416 132 275  3487  46  16  0  21  0  7.89  3  166  4  143
0417 86 191  2430  29  16  0  11  0  7.86  0  113  8  105
0418 83 150  3329  31  7  1  13  0  4.51  1  91  0  67
0419 225 363  2682  37  17  1  25  1  13.53  3  257  4  138
0420 331 710  4578  95  50  1  53  1  15.51  2  472  3  379
0421 8 13  446  2  2  0  0  0  2.91  0  8  0  5
0422 4 7  3313  2  0  0  1  0  0.21  0  1  0  3
0423 16 72  875  14  0  1  5  0  8.23  0  49  0  56
0424 70 99  844  20  3  0  5  0  11.73  4  62  0  29
0425 21 42  867  9  2  0  2  0  4.84  1  27  0  21
0426 83 164  1225  13  6  0  6  0  13.39  0  132  1  81
0427 44 77  1096  9  5  0  3  0  7.03  0  55  2  33
0428 50 71  4212  15  2  0  2  0  1.69  0  45  0  21
0429 51 75  3884  10  3  3  4  0  1.93  1  48  1  24
0430 22 36  1606  4  1  1  3  0  2.24  0  23  0  14
0431 59 91  3065  21  7  2  8  0  2.97  0  48  0  32
0432 14 28  1308  7  1  0  3  0  2.14  1  16  0  14
0433 8 10  570  0  0  0  0  0  1.75  0  8  1  2
0434 101 252  1326  17  8  0  3  0  19.00  4  206  1  151
0435 290 587  3047  61  17  0  33  2  19.26  3  434  3  297
0436 174 388  2927  42  15  0  8  2  13.26  9  292  4  214
0437 191 480  1988  26  23  1  28  2  24.14  5  365  3  289
0438 220 460  1762  41  17  2  32  0  26.11  4  342  2  240
0439 276 680  3337  62  25  0  29  5  20.38  10  501  4  404
0440 216 693  2847  58  20  0  31  5  24.34  6  549  5  477
0441 153 387  1606  28  15  1  11  1  24.10  5  309  0  234
0442 193 449  2504  60  36  0  32  1  17.93  1  296  5  256
0443 93 166  580  32  7  0  4  0  28.62  0  117  0  73
0444 215 450  3127  79  20  0  33  0  14.39  3  293  0  235
0445 214 396  1896  45  23  1  32  1  20.89  4  270  2  182
0446 5 17  255  3  1  0  5  0  6.67  0  7  0  12
0447 16 29  562  7  2  0  1  0  5.16  0  16  1  13
0448 157 366  3046  67  13  0  33  0  12.02  4  225  5  209
0449 0 1  147  0  0  0  0  0  0.68  0  1  0  1
0450 44 125  2607  19  6  0  10  0  4.79  4  79  3  81
0451 447 782  2641  66  35  0  35  2  29.61  2  610  1  335
0452 161 327  2764  48  21  0  35  0  11.83  3  204  5  166
0453 51 96  1860  9  2  0  8  0  5.16  0  64  0  45
0454 0 1  2557  1  0  0  0  0  0.04  0  0  0  1
0455 2 3  1673  0  0  0  0  0  0.18  0  2  0  1
0456 127 260  3282  38  13  0  10  1  7.92  1  180  3  133
0457 0 0  0  0  0  0  0  0  0.00  0  0  0  0
0458 7 11  1857  1  1  0  1  0  0.59  0  8  0  4
0459 349 579  2935  56  37  1  57  3  19.73  4  397  5  230
0460 33 51  2212  5  4  0  5  0  2.31  0  33  0  18
0461 463 867  3663  76  26  2  27  1  23.67  7  689  4  404
0462 97 254  3317  38  9  1  13  0  7.66  0  170  1  157
0463 91 171  2848  32  8  1  17  0  6.00  3  96  0  80
0464 114 312  2106  44  14  0  24  1  14.81  1  211  1  198
0465 199 421  3301  34  18  0  30  1  12.75  5  302  4  222
0466 299 587  3982  53  37  0  33  0  14.74  6  413  4  288
0467 17 27  1212  5  1  0  5  0  2.23  1  11  0  10
0468 30 93  3316  16  4  1  7  0  2.80  0  54  2  63
0469 519 826  3689  51  32  0  62  0  22.39  9  639  7  307
0470 49 121  1319  18  6  0  9  0  9.17  1  85  0  72
0471 100 230  2307  43  10  1  12  1  9.97  1  146  1  130
0472 39 96  1009  15  4  0  9  0  9.51  6  57  0  57
0473 234 428  1818  45  9  2  39  1  23.54  6  302  3  194
0474 162 436  2992  96  16  2  47  0  14.57  0  255  4  274
0475 34 78  1603  5  2  2  9  0  4.87  0  54  0  44
0476 96 246  2393  35  20  0  21  0  10.28  2  153  1  150
0477 193 449  3110  50  13  1  48  1  14.44  2  297  6  256
0478 268 547  4049  65  31  1  35  1  13.51  5  375  5  279
0479 181 490  2599  54  24  1  48  2  18.85  3  335  2  309
0480 123 270  2255  50  18  0  18  1  11.97  0  164  1  147
0481 221 487  3276  80  34  0  38  0  14.87  1  308  3  266
0482 249 431  4069  61  31  0  38  0  10.59  4  272  3  182
0483 341 535  4058  74  22  1  27  0  13.18  5  375  5  194
0484 320 704  4479  99  39  1  62  3  15.72  3  471  5  384
0485 290 550  4699  78  20  0  52  2  11.70  0  363  4  260
0486 234 492  3508  61  24  0  37  2  14.03  2  341  9  258
0487 85 118  3197  16  3  0  5  1  3.69  0  85  0  33
0488 51 109  1692  9  12  1  8  0  6.44  0  69  1  58
0489 71 142  1809  17  4  0  9  0  7.85  1  103  2  71
0490 98 200  1860  28  6  1  5  0  10.75  6  140  0  102
0491 107 240  1762  37  13  0  9  0  13.62  3  168  0  133
0492 203 382  2329  23  23  0  28  0  16.40  5  283  1  179
0493 191 326  1773  30  11  0  23  1  18.39  4  231  3  135
0494 17 19  2109  1  1  0  0  0  0.90  0  15  0  2
0495 129 252  2278  30  17  1  22  0  11.06  2  165  2  123
0496 30 79  2060  21  1  0  11  0  3.83  0  43  0  49
0497 6 10  2211  1  0  0  0  0  0.45  0  7  0  4
0498 62 119  2064  18  6  0  9  0  5.77  1  77  0  57
0499 334 625  2272  62  22  0  33  2  27.51  2  472  0  291
0500 189 486  3156  75  28  0  57  0  15.40  1  303  2  297
0501 22 69  1590  26  6  0  2  1  4.34  0  33  0  47
0502 196 313  2324  34  18  1  20  1  13.47  1  220  2  117
0503 20 41  1337  0  4  1  3  0  3.07  0  31  0  21
0504 235 529  2184  73  17  0  27  3  24.22  2  376  4  294
0505 133 284  3599  49  9  1  22  0  7.89  4  182  1  151
0506 43 91  3300  14  8  0  6  0  2.76  1  54  1  48
0507 26 30  2339  2  0  1  1  0  1.28  0  19  1  4
0508 80 137  3170  17  5  2  5  0  4.32  0  97  0  57
0509 211 403  3464  64  18  0  27  1  11.63  0  261  1  192
0510 162 353  3448  67  15  1  24  3  10.24  5  222  1  191
0511 0 0  0  0  0  0  0  0  0.00  0  0  0  0
0512 99 206  4476  28  8  0  14  1  4.60  0  145  0  107
0513 408 708  2715  57  28  1  41  1  26.08  9  539  0  300
0514 276 557  3830  60  23  0  56  1  14.54  4  384  9  281
0515 289 622  3145  47  27  0  44  1  19.78  5  473  3  333
0516 247 473  4809  65  20  1  32  1  9.84  2  316  9  226
0517 144 234  3262  37  10  0  18  0  7.17  2  151  2  90
0518 126 361  3710  61  32  0  20  2  9.73  0  222  3  235
0519 184 369  2898  55  19  0  33  1  12.73  4  239  7  185
0520 37 83  3887  9  1  0  8  0  2.14  0  61  1  46
0521 104 202  2669  26  15  0  24  1  7.57  1  123  2  98
0522 196 435  2676  47  35  0  42  1  16.26  2  274  5  239
0523 196 418  2983  44  20  1  39  0  14.01  0  283  8  222
0524 64 148  3238  21  3  0  11  1  4.57  0  105  1  84
0525 58 139  2884  18  4  0  11  0  4.82  2  96  0  81
0526 6 14  709  0  2  0  1  0  1.97  0  8  1  8
0527 6 15  555  3  0  0  2  0  2.70  0  8  0  9
0528 0 0  97  0  0  0  0  0  0.00  0  0  0  0
0529 375 621  3508  76  43  0  55  0  17.70  1  420  4  246
0530 4 7  1180  1  0  0  2  0  0.59  0  4  0  3
0531 116 174  1077  16  12  1  15  0  16.16  2  111  3  58
0532 69 138  964  22  4  0  6  0  14.32  0  100  0  69
0533 22 50  1046  6  0  0  6  0  4.78  0  35  1  28
0534 314 517  3796  81  17  2  42  2  13.62  1  326  2  203
0535 5 9  411  3  1  0  0  1  2.19  1  3  0  4
0536 56 138  4443  19  5  0  10  0  3.11  0  98  2  82
0537 260 653  2918  61  18  2  41  0  22.38  2  487  6  393
0538 2 2  1269  0  0  0  0  0  0.16  0  1  0  0
0539 4 6  68  0  1  0  0  0  8.82  0  5  0  2
0540 83 127  1452  13  1  0  5  2  8.75  2  90  0  44
0541 31 57  4078  11  2  0  2  0  1.40  2  34  0  26
0542 4 8  2473  0  0  0  1  0  0.32  0  7  0  4
0543 18 35  1513  4  0  1  2  0  2.31  0  26  1  17
0544 2 5  311  1  0  0  0  0  1.61  0  2  0  3
0545 141 316  3289  51  16  1  21  2  9.61  2  199  1  175
0546 0 0  26  0  0  0  0  0  0.00  0  0  0  0
0547 125 324  2345  64  26  0  36  1  13.82  1  180  5  199
0548 51 117  2095  20  7  0  14  0  5.58  0  67  2  66
0549 9 26  2483  7  1  0  0  0  1.05  0  17  0  17
0550 158 342  2785  31  9  1  15  1  12.28  2  265  1  184
0551 303 753  5975  82  42  0  59  1  12.60  2  534  8  450
0552 317 763  3212  82  40  0  74  1  23.75  2  529  5  446
0553 102 200  4266  33  12  1  22  0  4.69  0  124  0  98
0554 17 31  1729  5  3  1  2  0  1.79  0  18  0  14
0555 14 30  2066  4  2  0  3  0  1.45  0  19  0  16
0556 31 48  2181  7  2  1  9  0  2.20  0  26  0  17
0557 72 113  2736  17  8  0  10  0  4.13  1  71  0  41
0558 119 184  3968  24  11  0  10  1  4.64  1  123  3  65
0559 89 123  4485  25  5  0  8  0  2.74  1  77  2  34
0560 3 9  1157  3  0  0  0  0  0.78  0  6  0  6
0561 85 226  2976  43  10  0  20  0  7.59  2  132  2  141
0562 0 1  637  0  0  0  0  0  0.16  0  1  0  1
0563 437 649  2897  54  23  1  34  2  22.40  7  483  4  212
0564 53 101  3043  22  3  0  3  0  3.32  3  66  1  48
0565 10 14  1357  5  1  2  0  0  1.03  0  5  0  4
0566 58 102  2855  18  5  2  8  0  3.57  1  60  1  44
0567 72 90  2131  7  8  0  1  0  4.22  0  65  0  18
0568 263 544  3420  74  20  5  46  3  15.91  8  362  3  281
0569 117 292  3157  32  15  0  16  1  9.25  2  215  0  175
0570 28 68  1427  10  3  1  5  0  4.77  1  44  0  40
0571 24 26  1738  2  3  0  5  0  1.50  0  16  0  2
0572 152 266  2919  39  12  1  16  0  9.11  3  183  3  114
0573 0 0  1612  0  0  0  0  0  0.00  0  0  0  0
0574 1 6  381  2  0  0  1  0  1.57  0  3  0  5
0575 4 11  78  0  1  0  2  0  14.10  0  8  0  7
0576 4 5  2634  0  0  0  1  0  0.19  0  3  0  1
0577 46 72  571  10  4  0  8  0  12.61  0  47  0  26
0578 102 278  1666  41  13  0  19  0  16.69  6  188  3  176
0579 23 41  1745  3  0  1  3  0  2.35  0  30  1  18
0580 0 0  1008  0  0  0  0  0  0.00  0  0  0  0
0581 1 2  1042  0  1  0  0  0  0.19  0  1  0  1
0582 4 6  1602  0  0  0  1  0  0.37  0  4  0  2
0583 1 1  1219  0  0  0  0  0  0.08  0  1  0  0
0584 4 4  969  1  0  0  1  0  0.41  0  2  0  0
0585 4 5  2346  1  1  0  0  0  0.21  1  0  2  1
0586 108 320  4180  40  14  0  22  1  7.66  3  219  4  212
0587 58 117  2156  20  8  0  4  2  5.43  0  72  1  59
0588 143 489  3411  75  16  1  40  0  14.34  1  326  6  346
0589 125 223  3057  37  21  0  16  0  7.29  1  130  1  98
0590 315 585  2093  58  24  0  28  0  27.95  5  439  4  270
0591 12 24  2101  6  0  0  0  0  1.14  0  17  0  12
0592 17 29  1235  6  2  0  5  0  2.35  0  11  2  12
0593 68 165  3966  25  9  0  20  0  4.16  1  100  2  97
0594 57 135  2301  23  13  0  8  0  5.87  3  75  2  78
0595 4 26  1584  3  0  0  4  0  1.64  0  18  0  22
0596 89 185  2785  29  13  0  21  0  6.64  1  103  2  96
0597 44 80  3121  13  2  0  12  0  2.56  1  44  0  36
0598 69 100  706  10  1  0  9  0  14.16  0  72  3  31
0599 159 293  3946  51  21  0  23  0  7.43  0  176  3  134
0600 103 185  3721  28  13  0  17  1  4.97  1  110  0  82
0601 341 733  3960  76  28  0  63  1  18.51  3  526  8  392
0602 70 174  1226  27  16  0  21  0  14.19  1  101  2  104
0603 133 311  3740  50  10  1  51  0  8.32  2  176  2  178
0604 249 413  2864  54  28  1  34  2  14.42  2  262  9  164
0605 92 131  5114  23  6  0  17  0  2.56  0  76  0  39
0606 3 3  1037  0  0  0  1  0  0.29  0  0  0  0
0607 7 7  707  1  1  0  1  0  0.99  0  3  0  0
0608 19 66  1234  6  2  0  4  0  5.35  0  48  1  47
0609 145 385  3224  49  24  0  31  0  11.94  0  264  1  240
0610 55 108  1800  12  4  1  11  0  6.00  0  70  0  53
0611 6 7  2461  2  1  0  1  0  0.28  0  1  0  1
0612 339 619  3244  68  40  0  42  1  19.08  6  437  1  280
0613 7 19  1411  0  0  0  3  0  1.35  0  13  0  12
0614 110 187  3845  19  14  1  15  0  4.86  1  125  3  77
0615 136 282  1912  46  15  0  24  0  14.75  1  176  2  146
0616 143 394  3335  57  16  0  41  3  11.81  4  256  3  251
0617 91 181  3434  31  11  3  13  0  5.27  0  116  1  90
0618 172 258  5143  43  17  1  24  1  5.02  0  149  2  86
0619 276 606  4213  83  30  0  59  0  14.38  1  405  7  330
0620 254 390  5110  32  20  0  32  1  7.63  2  286  1  136
0621 42 69  1161  11  6  0  8  0  5.94  0  39  1  27
0622 234 400  4262  58  16  1  29  0  9.39  3  267  5  166
0623 280 474  3378  54  19  0  25  1  14.03  3  344  4  194
0624 1 1  15  0  0  0  0  0  6.67  0  1  0  0
0625 143 329  1784  42  18  1  28  2  18.44  2  225  2  186
0626 212 368  2771  40  14  1  16  1  13.28  7  258  4  156
0627 58 125  2881  9  3  1  11  0  4.34  1  93  1  67
0628 38 82  1599  10  4  0  3  0  5.13  0  56  1  44
0629 2 5  589  1  1  0  0  0  0.85  0  3  0  3
0630 19 27  3017  10  1  0  1  0  0.89  0  12  0  8
0631 271 471  2678  47  25  2  37  1  17.59  0  343  1  200
0632 2 2  222  1  0  0  0  0  0.90  0  0  0  0
0633 240 533  3182  61  36  0  44  2  16.75  5  352  5  293
0634 79 212  2897  35  12  0  30  0  7.32  0  124  0  133
0635 187 400  3237  55  22  0  42  2  12.36  5  259  4  213
0636 270 635  3791  80  39  0  60  2  16.75  1  408  4  365
0637 26 61  2446  11  0  0  5  0  2.49  1  36  2  35
0638 7 16  1990  5  1  0  2  0  0.80  0  7  0  9
0639 127 362  2454  53  15  0  35  1  14.75  0  236  1  235
0640 117 240  3486  35  10  1  28  0  6.88  0  156  2  123
0641 133 368  3285  77  19  1  17  0  11.20  0  230  6  235
0642 162 329  1766  28  11  0  26  0  18.63  2  251  1  167
0643 146 251  5193  34  14  1  21  0  4.83  2  150  9  105
0644 215 468  5164  69  27  0  43  0  9.06  3  299  5  253
0645 149 319  3906  47  16  0  31  1  8.17  4  203  4  170
0646 33 72  2133  9  5  0  7  0  3.38  1  44  0  39
0647 81 106  5395  15  4  2  10  1  1.96  0  59  4  25
0648 236 486  3135  45  38  1  47  1  15.50  3  331  5  250
0649 96 145  4334  15  7  2  10  0  3.35  1  92  2  49
0650 264 647  3109  78  46  1  46  0  20.81  6  425  9  383
0651 163 400  4828  55  18  0  38  0  8.29  2  269  7  237
0652 26 49  2561  5  4  2  2  0  1.91  2  28  0  23
0653 0 0  0  0  0  0  0  0  0.00  0  0  0  0
0654 169 433  5645  81  20  2  42  3  7.67  1  248  3  264
0655 218 494  6135  84  22  0  45  0  8.05  0  314  15  276
0656 5 9  2598  1  0  1  3  0  0.35  0  4  0  4
0657 20 58  1175  12  3  0  5  0  4.94  0  35  0  38
0658 127 306  2773  39  17  1  33  0  11.03  2  193  4  179
0659 313 660  4480  69  35  0  60  4  14.73  5  449  0  347
0660 20 41  4910  5  2  0  5  0  0.84  0  26  2  21
0661 141 296  4079  52  10  0  29  1  7.26  3  180  0  155
0662 387 819  4743  93  55  2  66  0  17.27  2  545  8  432
0663 136 293  3167  40  11  0  41  0  9.25  2  182  3  157
0664 27 37  2758  6  2  0  0  0  1.34  0  24  1  10
0665 155 296  1975  41  21  3  24  0  14.99  0  190  2  141
0666 0 0  0  0  0  0  0  0  0.00  0  0  0  0
0667 135 367  2152  44  22  0  24  0  17.05  3  258  3  232
0668 75 227  2381  31  12  0  16  0  9.53  0  153  0  152
0669 247 616  3187  51  15  0  41  1  19.33  6  471  3  369
0670 326 582  2938  54  28  1  38  1  19.81  5  424  4  256
0671 87 220  2905  35  11  0  21  0  7.57  2  132  3  133
0672 219 457  4511  69  17  1  56  0  10.13  2  288  5  238
0673 258 475  2968  54  24  2  32  1  16.00  0  324  6  217
0674 319 615  3991  64  30  1  44  2  15.41  4  432  5  296
0675 0 0  0  0  0  0  0  0  0.00  0  0  0  0
0676 0 0  0  0  0  0  0  0  0.00  0  0  0  0
0677 15 27  939  7  2  0  2  0  2.88  1  15  0  12
0678 58 111  745  17  6  0  11  0  14.90  0  71  2  53
0679 201 401  3279  56  17  2  34  0  12.23  0  267  0  200
0680 3 5  177  1  0  0  0  1  2.82  0  2  0  2
0681 0 1  5  1  0  0  0  0  20.00  0  0  0  1
0682 248 448  4094  54  28  0  36  2  10.94  2  295  7  200
0683 1 4  263  1  1  0  0  0  1.52  0  0  0  3
0684 4 8  173  4  1  0  0  0  4.62  0  3  0  4
0685 23 35  341  6  4  0  1  0  10.26  0  20  0  12
0686 2 5  192  2  0  0  0  0  2.60  0  1  0  3
0687 104 243  2468  29  9  2  18  0  9.85  0  177  3  139
0688 276 572  3220  61  19  0  55  0  17.76  2  402  6  296
0689 40 105  2246  9  2  0  10  1  4.67  1  74  1  65
0690 220 565  3993  61  34  0  32  0  14.15  4  395  7  345
0691 0 0  32  0  0  0  0  0  0.00  0  0  0  0
0692 129 281  2530  39  21  0  15  0  11.11  1  187  2  152
0693 28 49  642  5  2  0  4  0  7.63  0  37  0  21
0694 87 139  797  18  4  0  12  0  17.44  0  93  3  52
0695 50 94  1608  17  3  0  5  0  5.85  1  59  2  44
0696 89 166  2074  30  9  0  6  0  8.00  0  108  1  77
0697 53 117  4224  20  5  0  9  0  2.77  1  77  0  64
0698 14 20  2893  2  0  0  2  0  0.69  0  11  1  6
0699 142 335  2260  58  18  0  43  0  14.82  4  199  4  193
0700 81 163  1289  19  5  0  10  0  12.65  0  121  2  82
0701 19 24  542  4  5  0  3  0  4.43  0  10  0  5
0702 3 3  545  2  0  0  0  0  0.55  0  1  0  0
0703 127 366  1824  40  25  0  32  1  20.07  1  244  4  239
0704 173 381  2818  66  20  0  37  0  13.52  1  232  2  208
0705 6 12  1493  1  3  0  0  0  0.80  0  8  0  6
0706 43 73  515  9  1  0  3  0  14.17  0  48  1  30
0707 50 78  691  17  4  0  6  1  11.29  0  44  1  28
0708 7 26  563  4  1  0  2  0  4.62  0  18  1  19
0709 246 444  6061  53  33  0  42  2  7.33  2  289  1  198
0710 73 186  1966  29  5  0  10  0  9.46  1  129  0  113
0711 194 365  3263  47  19  0  22  0  11.19  4  250  2  171
0712 93 149  3243  26  8  0  12  0  4.59  3  93  1  56
0713 49 100  1796  23  6  0  15  0  5.57  0  48  2  51
0714 11 19  300  0  1  0  2  0  6.33  0  15  1  8
0715 42 65  1362  9  5  0  1  0  4.77  0  42  2  23
0716 145 269  2625  38  15  0  25  0  10.25  1  170  2  124
0717 18 31  1899  4  0  0  1  0  1.63  0  19  0  13
0718 309 625  3986  86  24  1  28  0  15.68  3  452  7  316
0719 63 103  1611  15  10  0  13  0  6.39  0  62  0  40
0720 241 507  3812  74  28  0  50  1  13.30  1  331  3  266
0721 265 471  2779  57  22  6  29  3  16.95  6  326  3  206
0722 14 24  4241  0  0  0  4  0  0.57  0  16  0  10
0723 18 49  1738  6  2  0  4  0  2.82  0  34  1  31
0724 52 133  700  15  3  1  4  0  19.00  2  97  3  81
0725 104 157  2089  15  5  0  13  1  7.52  0  114  0  53
0726 186 382  1933  40  38  0  32  1  19.76  1  249  3  196
0727 63 101  2363  20  4  0  5  0  4.27  0  68  1  38
0728 64 100  863  16  11  0  6  0  11.59  0  57  1  36
0729 37 68  447  7  2  0  1  0  15.21  0  52  0  31
0730 154 295  1596  38  14  0  13  4  18.48  2  208  1  141
0731 6 7  366  0  0  0  0  0  1.91  0  7  0  1
0732 141 272  1869  62  10  1  17  1  14.55  2  156  4  131
0733 1 3  170  1  0  0  0  0  1.76  0  2  0  2
0734 329 628  5709  87  35  0  68  0  11.00  0  408  5  299
0735 1 5  22  3  0  0  0  0  22.73  0  2  0  4
0736 0 0  21  0  0  0  0  0  0.00  0  0  0  0
0737 5 7  50  0  2  0  3  0  14.00  0  2  0  2
0738 13 17  1233  5  0  0  1  0  1.38  0  10  0  4
0739 86 181  2846  38  10  1  18  0  6.36  0  108  0  95
0740 24 46  909  11  2  0  3  0  5.06  1  25  1  22
0741 0 2  0  0  0  0  0  0  0.00  0  2  0  2
0742 0 0  0  0  0  0  0  0  0.00  0  0  0  0
0743 2 7  197  1  0  0  0  0  3.55  0  5  1  5
0744 122 267  2004  36  17  1  21  1  13.32  1  176  4  145
0745 224 378  2366  60  15  0  34  1  15.98  1  237  4  154
0746 34 56  682  15  3  0  3  1  8.21  1  31  1  22
0747 67 199  3434  44  9  0  15  0  5.79  1  110  2  132
0748 53 85  1275  15  7  0  8  0  6.67  1  46  2  32
0749 6 9  362  1  2  0  0  0  2.49  0  6  0  3
0750 44 69  680  8  6  0  8  0  10.15  1  44  0  25
0751 174 444  4298  89  13  1  34  0  10.33  1  278  1  270
0752 116 185  1523  24  8  0  16  0  12.15  0  125  3  69
0753 12 28  260  3  0  0  4  0  10.77  0  20  0  16
0754 0 0  0  0  0  0  0  0  0.00  0  0  0  0
0755 63 153  3432  24  8  2  15  1  4.46  2  84  6  90
0756 67 97  1512  19  5  0  6  1  6.42  1  54  2  30
0757 26 47  3293  8  0  0  4  0  1.43  1  29  1  21
0758 280 566  3680  59  29  0  47  0  15.38  2  392  8  286
0759 119 220  2599  30  9  0  29  0  8.46  0  141  3  101
0760 435 826  4062  59  39  0  58  2  20.33  1  624  5  391
0761 202 339  1424  41  18  0  15  3  23.81  4  244  1  137
0762 0 0  0  0  0  0  0  0  0.00  0  0  0  0
0763 16 33  1165  5  3  1  2  0  2.83  0  19  0  17
0764 224 438  4843  70  27  0  39  0  9.04  1  290  3  214
0765 114 207  3857  39  11  1  15  1  5.37  0  136  0  93
0766 3 7  381  0  0  0  0  0  1.84  0  7  0  4
0767 6 9  95  0  3  0  0  0  9.47  0  5  1  3
0768 339 744  5264  83  44  1  59  1  14.13  4  517  4  405
0769 0 2  148  0  0  0  0  1  1.35  0  1  0  2
0770 5 5  243  0  0  0  3  0  2.06  0  2  0  0
0771 76 146  2305  21  7  0  11  0  6.33  3  95  1  70
0772 391 867  5526  85  49  0  55  1  15.69  6  637  10  476
0773 40 54  2599  2  4  0  7  0  2.08  0  38  0  14
0774 0 3  289  0  0  0  0  0  1.04  0  3  0  3
0775 0 0  72  0  0  0  0  0  0.00  0  0  0  0
0776 111 260  2768  32  14  0  26  0  9.39  2  172  1  149
0777 5 13  642  3  0  0  0  0  2.02  0  10  0  8
0778 0 0  0  0  0  0  0  0  0.00  0  0  0  0
0779 13 25  1131  2  0  0  1  0  2.21  0  21  0  12
0780 11 26  570  9  0  0  4  0  4.56  0  12  0  15
0781 164 245  3656  29  12  2  15  2  6.70  3  162  5  81
0782 94 170  2158  26  10  1  23  0  7.88  1  103  1  76
0783 18 24  244  1  1  0  0  0  9.84  0  22  0  6
0784 2 3  1055  0  0  0  2  0  0.28  0  1  0  1
0785 6 9  297  0  0  0  1  0  3.03  0  8  0  3
0786 13 28  1279  6  2  1  2  0  2.19  0  15  1  15
0787 8 17  486  4  1  1  1  0  3.50  0  7  0  9
0788 27 35  478  7  1  0  0  0  7.32  0  23  0  8
0789 0 0  3  0  0  0  0  0  0.00  0  0  0  0
0790 0 0  4  0  0  0  0  0  0.00  0  0  0  0
0791 0 0  0  0  0  0  0  0  0.00  0  0  0  0
0792 22 53  1818  7  2  0  5  0  2.92  0  33  2  31
0793 171 241  2386  25  13  0  17  1  10.10  0  167  4  70
0794 6 9  2522  3  2  0  0  0  0.36  0  4  0  3
0795 13 22  1186  1  0  0  2  0  1.85  0  18  0  9
0796 16 29  480  6  2  0  2  0  6.04  0  16  0  13
0797 0 0  0  0  0  0  0  0  0.00  0  0  0  0
0798 6 30  487  5  1  0  1  0  6.16  0  22  1  24
0799 0 1  145  0  0  0  0  0  0.69  0  1  0  1
0800 133 370  2774  59  23  0  39  0  13.34  6  230  2  237
0801 1 5  257  3  0  0  1  0  1.95  0  1  0  4
0802 5 10  295  3  0  0  3  0  3.39  0  3  0  5
0803 132 362  2642  44  33  1  38  1  13.70  1  231  3  230
0804 220 408  4210  55  21  1  43  0  9.69  0  264  8  188
0805 235 497  2812  59  26  1  38  1  17.67  3  349  5  262
0806 0 0  0  0  0  0  0  0  0.00  0  0  0  0
0807 9 19  1971  5  3  0  2  0  0.96  0  6  0  10
0808 0 3  74  2  0  0  0  0  4.05  0  1  0  3
0809 3 3  80  0  1  1  0  0  3.75  0  1  0  0
0810 0 2  216  0  0  0  0  1  0.93  0  1  0  2
0811 1 2  269  2  0  0  0  0  0.74  0  0  0  1
0812 0 0  0  0  0  0  0  0  0.00  0  0  0  0
0813 166 298  5285  56  17  1  25  0  5.64  0  182  1  132
0814 68 122  4288  12  7  2  8  0  2.85  2  79  1  54
0815 0 0  0  0  0  0  0  0  0.00  0  0  0  0
0816 0 0  75  0  0  0  0  0  0.00  0  0  0  0
0817 0 0  0  0  0  0  0  0  0.00  0  0  0  0
0818 7 11  518  2  1  0  0  0  2.12  0  8  0  4
0819 15 29  232  3  1  0  2  0  12.50  0  20  0  14
0820 0 0  0  0  0  0  0  0  0.00  0  0  0  0
0821 10 13  1168  3  3  0  0  0  1.11  0  6  0  3
0822 4 7  1539  3  2  0  0  0  0.45  0  2  0  3
0823 138 322  4623  43  11  0  27  1  6.97  0  215  5  184
0824 43 61  2707  10  2  0  3  0  2.25  2  39  0  18
0825 0 0  0  0  0  0  0  0  0.00  0  0  0  0
0826 11 31  339  3  2  0  0  0  9.14  0  24  0  20
0827 7 17  958  2  0  0  3  0  1.77  0  8  1  10
0828 119 316  1850  43  8  0  30  1  17.08  2  221  3  197
0829 4 6  258  0  0  0  0  0  2.33  0  6  0  2
0830 0 0  1  0  0  0  0  0  0.00  0  0  0  0
0831 0 0  0  0  0  0  0  0  0.00  0  0  0  0
0832 6 7  354  1  1  1  0  0  1.98  0  4  0  1
0833 0 0  16  0  0  0  0  0  0.00  0  0  0  0
0834 0 0  0  0  0  0  0  0  0.00  0  0  0  0
0835 3 7  282  0  0  0  1  0  2.48  0  5  1  4
0836 0 0  18  0  0  0  0  0  0.00  0  0  0  0
0837 0 0  0  0  0  0  0  0  0.00  0  0  0  0
0838 0 0  0  0  0  0  0  0  0.00  0  0  0  0
0839 7 14  1098  4  0  0  3  0  1.28  0  6  1  7
0840 58 82  1609  16  3  0  4  0  5.10  0  55  0  24
0841 0 0  0  0  0  0  0  0  0.00  0  0  0  0
0842 85 168  3017  31  6  0  12  0  5.57  1  106  0  83
0843 0 0  0  0  0  0  0  0  0.00  0  0  0  0
0844 0 0  13  0  0  0  0  0  0.00  0  0  0  0
0845 12 14  62  2  2  0  1  0  22.58  0  9  0  2
0846 2 3  212  0  0  0  0  1  1.42  0  2  0  1
0847 23 47  1750  9  3  0  3  0  2.69  0  31  0  24
0848 59 138  1846  12  11  0  16  0  7.48  1  91  0  79
0849 26 65  2033  8  5  0  4  0  3.20  0  42  0  39
0850 7 11  203  1  0  0  2  0  5.42  0  6  0  4
0851 292 481  4194  57  34  1  35  1  11.47  1  326  6  189
0852 0 0  2  0  0  0  0  0  0.00  0  0  0  0
0853 185 460  2748  56  22  0  37  0  16.74  0  330  1  275
0854 4 4  178  1  1  0  0  0  2.25  0  1  1  0
0855 0 0  19  0  0  0  0  0  0.00  0  0  0  0
0856 0 0  0  0  0  0  0  0  0.00  0  0  0  0
0857 0 0  1  0  0  0  0  0  0.00  0  0  0  0
0858 1 1  376  0  0  0  0  0  0.27  0  1  0  0
0859 11 24  832  2  0  0  1  0  2.88  0  20  0  13
0860 1 1  0  0  0  0  0  0  0.00  0  1  0  0
0861 17 26  1740  2  1  0  2  0  1.49  0  18  0  9
0862 0 0  0  0  0  0  0  0  0.00  0  0  0  0
0863 0 0  638  0  0  0  0  0  0.00  0  0  0  0
0864 13 37  2439  5  0  0  2  0  1.52  0  28  0  24
0865 0 0  20  0  0  0  0  0  0.00  0  0  0  0
0866 0 0  0  0  0  0  0  0  0.00  0  0  0  0
0867 0 0  0  0  0  0  0  0  0.00  0  0  0  0
0868 31 54  2246  7  4  0  4  0  2.40  0  37  1  23
0869 8 8  465  0  0  0  1  0  1.72  0  7  0  0
0870 0 0  0  0  0  0  0  0  0.00  0  0  0  0
0871 0 0  4  0  0  0  0  0  0.00  0  0  0  0
0872 2 2  63  0  0  0  0  0  3.17  0  1  0  0
0873 6 11  689  2  0  0  1  0  1.60  0  5  0  5
0874 218 580  3103  64  23  0  48  0  18.69  4  412  6  362
0875 105 211  3787  35  11  1  22  1  5.57  0  131  2  106
0876 184 393  2921  36  24  2  36  0  13.45  2  272  4  209
0877 76 131  2396  20  6  0  14  0  5.47  0  85  1  55
0878 115 265  1629  42  17  0  28  0  16.27  2  173  0  150
0879 63 119  2262  27  3  0  5  0  5.26  0  75  2  56
0880 155 286  1940  38  15  0  13  0  14.74  0  209  4  131
0881 52 109  3485  9  9  0  13  0  3.13  0  72  1  57
0882 99 192  2301  23  12  1  21  0  8.34  1  119  2  93
0883 25 55  4492  8  2  1  3  0  1.22  0  36  0  30
0884 0 1  310  0  0  0  0  0  0.32  0  1  0  1
0885 120 213  2422  32  13  0  16  0  8.79  0  132  1  93
0886 38 56  693  10  2  0  0  0  8.08  1  39  0  18
0887 7 10  289  4  0  0  0  0  3.46  1  4  0  3
0888 0 0  0  0  0  0  0  0  0.00  0  0  0  0
0889 3 6  56  0  0  0  1  0  10.71  0  4  0  3
0890 26 45  967  5  2  0  7  0  4.65  1  25  0  19
0891 72 124  1399  13  6  0  4  0  8.86  1  86  2  52
0892 9 15  648  5  0  0  0  0  2.31  0  10  0  6
0893 0 0  5  0  0  0  0  0  0.00  0  0  0  0
0894 0 0  0  0  0  0  0  0  0.00  0  0  0  0
0895 37 102  775  11  8  0  3  0  13.16  5  73  0  65
0896 71 140  1390  19  4  0  3  0  10.07  5  101  0  69
0897 39 89  1606  16  6  0  7  0  5.54  2  55  0  50
0898 0 0  3  0  0  0  0  0  0.00  0  0  0  0
0899 0 0  9  0  0  0  0  0  0.00  0  0  0  0
0900 0 0  11  0  0  0  0  0  0.00  0  0  0  0
0901 0 0  0  0  0  0  0  0  0.00  0  0  0  0
0902 86 236  1852  48  15  0  20  1  12.74  4  139  1  150
0903 0 2  40  2  0  0  0  0  5.00  0  0  0  2
0904 0 0  1  0  0  0  0  0  0.00  0  0  0  0
0905 26 42  898  3  1  0  5  0  4.68  0  27  0  16
0906 1 6  28  0  0  0  0  0  21.43  0  6  0  5
0907 0 1  113  1  0  0  0  0  0.88  0  0  0  1
0908 0 0  0  0  0  0  0  0  0.00  0  0  0  0
0909 0 0  18  0  0  0  0  0  0.00  0  0  0  0
0910 3 6  226  1  0  0  0  0  2.65  0  5  0  3
0911 44 66  564  13  2  0  4  1  11.70  1  43  0  22
0912 90 174  1211  22  5  0  15  0  14.37  6  114  1  84
0913 0 0  0  0  0  0  0  0  0.00  0  0  0  0
0914 6 14  151  0  0  0  0  0  9.27  0  14  0  8
0915 0 0  0  0  0  0  0  0  0.00  0  0  0  0
0916 88 151  996  15  3  0  8  1  15.16  0  114  2  63
0917 67 102  470  13  3  0  10  1  21.70  1  70  1  35
0918 118 177  884  18  3  0  10  0  20.02  0  135  3  59
0919 0 0  3  0  0  0  0  0  0.00  0  0  0  0
0920 0 3  13  1  0  0  0  0  23.08  0  2  0  3
0921 6 7  77  0  0  0  0  0  9.09  0  7  0  1
0922 0 0  0  0  0  0  0  0  0.00  0  0  0  0
0923 68 100  691  10  4  0  10  0  14.47  1  71  0  32
0924 0 0  0  0  0  0  0  0  0.00  0  0  0  0
0925 0 0  0  0  0  0  0  0  0.00  0  0  0  0
0926 37 56  602  4  3  0  5  0  9.30  0  39  1  19
0927 6 19  264  2  0  0  1  0  7.20  0  15  0  13
0928 0 0  9  0  0  0  0  0  0.00  0  0  0  0
0929 0 0  0  0  0  0  0  0  0.00  0  0  0  0
0930 1 1  564  0  0  0  0  0  0.18  0  0  1  0
0931 9 21  127  4  0  0  0  0  16.54  1  14  1  12
0932 0 1  0  0  0  0  1  0  0.00  0  0  0  1
0933 13 22  555  3  2  0  0  0  3.96  1  15  0  9
0934 0 0  38  0  0  0  0  0  0.00  0  0  0  0
0935 1 1  63  0  0  0  0  0  1.59  0  1  0  0
0936 0 0  71  0  0  0  0  0  0.00  0  0  0  0
0937 0 0  0  0  0  0  0  0  0.00  0  0  0  0
0938 3 9  263  1  0  0  1  0  3.42  0  6  0  6
0939 0 0  3  0  0  0  0  0  0.00  0  0  0  0
0940 0 0  13  0  0  0  0  0  0.00  0  0  0  0
0941 2 10  24  0  1  0  0  0  41.67  0  9  0  8
0942 12 26  155  2  0  0  0  0  16.77  0  23  0  14
0943 67 110  509  8  2  0  3  0  21.61  2  88  0  43
0944 10 11  38  2  0  0  0  0  28.95  0  9  0  1
0945 0 0  15  0  0  0  0  0  0.00  0  0  0  0
0946 0 0  13  0  0  0  0  0  0.00  0  0  0  0
0947 46 109  809  20  8  0  3  0  13.47  0  68  2  63
0948 0 0  0  0  0  0  0  0  0.00  0  0  0  0
0949 8 19  200  3  0  0  1  0  9.50  0  15  0  11
0950 0 0  0  0  0  0  0  0  0.00  0  0  0  0
0951 5 8  201  3  0  0  0  0  3.98  0  5  0  3
0952 1 3  70  2  0  0  0  0  4.29  0  1  0  2
0953 1 3  432  0  0  0  0  0  0.69  0  2  0  2
0954 0 0  0  0  0  0  0  0  0.00  0  0  0  0
0955 2 3  20  1  0  0  1  0  15.00  0  1  0  1
0956 0 0  11  0  0  0  0  0  0.00  0  0  0  0
0957 5 5  545  0  0  0  0  0  0.92  0  5  0  0
0958 8 17  957  3  1  0  2  0  1.78  0  10  1  9
0959 0 0  0  0  0  0  0  0  0.00  0  0  0  0
0960 11 23  524  8  1  1  2  0  4.39  0  11  0  12
0961 0 0  52  0  0  0  0  0  0.00  0  0  0  0
0962 0 0  67  0  0  0  0  0  0.00  0  0  0  0
0963 15 22  334  8  2  0  1  0  6.59  0  10  0  7
0964 62 138  1383  25  6  0  14  0  9.98  0  90  1  76
0965 3 10  351  0  0  0  3  0  2.85  0  5  1  7
0966 28 39  1061  7  0  0  2  0  3.68  1  27  0  11
0967 3 5  76  2  1  0  0  0  6.58  0  2  0  2
0968 5 9  484  2  0  0  1  0  1.86  0  6  0  4
0969 1 3  571  1  0  0  0  0  0.53  0  1  0  2
0970 6 8  667  1  0  0  0  0  1.20  1  3  1  2
0971 0 0  101  0  0  0  0  0  0.00  0  0  0  0
0972 0 1  29  1  0  0  0  0  3.45  0  0  0  1
0973 5 9  106  3  0  0  1  0  8.49  0  5  0  4
0974 13 26  282  12  1  0  3  0  9.22  0  10  0  13
0975 10 22  167  2  0  0  4  0  13.17  0  14  0  12
0976 12 24  672  4  2  0  4  0  3.57  1  12  0  12
0977 6 13  518  0  0  0  1  0  2.51  0  9  0  7
0978 4 10  496  1  0  0  0  0  2.02  0  9  0  6
0979 1 4  24  0  0  0  0  0  16.67  0  3  1  3
0980 76 173  1315  13  5  0  13  0  13.16  0  138  0  97
0981 0 0  0  0  0  0  0  0  0.00  0  0  0  0
0982 62 106  958  6  4  0  9  0  11.06  0  75  1  44
0983 1 1  168  0  0  0  0  0  0.60  0  0  0  0
0984 3 3  210  0  0  0  0  0  1.43  0  3  0  0
0985 44 54  339  4  2  0  3  0  15.93  0  44  0  10
0986 5 7  373  3  0  0  2  0  1.88  0  1  0  2
0987 3 3  1123  1  0  0  0  0  0.27  0  1  0  0
0988 18 22  110  5  4  0  0  0  20.00  0  10  0  4
0989 3 5  36  4  0  0  0  0  13.89  0  1  0  2
0990 0 0  156  0  0  0  0  0  0.00  0  0  0  0
0991 0 0  1  0  0  0  0  0  0.00  0  0  0  0
0992 41 75  1003  13  2  0  6  1  7.48  0  46  0  34
0993 57 91  548  17  7  0  6  0  16.61  2  52  1  34
0994 0 0  5  0  0  0  0  0  0.00  0  0  0  0
0995 2 3  1238  0  0  0  0  0  0.24  0  3  0  1
0996 44 92  703  19  3  0  4  0  13.09  0  59  0  48
0997 15 32  1346  8  1  0  2  0  2.38  1  18  0  17
0998 0 0  29  0  0  0  0  0  0.00  0  0  0  0
0999 6 10  66  0  0  0  0  0  15.15  0  7  2  4
1000 2 3  445  1  0  0  0  0  0.67  0  2  0  1
1001 31 48  1514  3  2  1  3  0  3.17  1  35  0  17
1002 27 38  1699  5  1  1  0  0  2.24  1  25  0  11
1003 0 0  1  0  0  0  0  0  0.00  0  0  0  0
1004 26 73  647  16  3  0  2  0  11.28  1  43  2  47
1005 0 0  0  0  0  0  0  0  0.00  0  0  0  0
1006 0 0  4  0  0  0  0  0  0.00  0  0  0  0
1007 17 42  1298  11  2  0  2  0  3.24  0  23  0  25
1008 8 21  146  1  0  0  1  0  14.38  0  19  0  13
1009 0 0  8  0  0  0  0  0  0.00  0  0  0  0
1010 3 6  293  2  0  0  0  0  2.05  0  4  0  3
1011 1 3  29  0  0  0  2  0  10.34  0  1  0  2
1012 14 34  1201  9  5  0  6  0  2.83  0  14  0  20
1013 0 0  59  0  0  0  0  0  0.00  0  0  0  0
1014 0 1  36  0  0  0  0  0  2.78  0  1  0  1
1015 0 1  29  0  0  0  1  0  3.45  0  0  0  1
1016 36 76  1592  18  4  0  5  0  4.77  1  41  3  40
1017 0 5  220  0  0  0  3  0  2.27  0  2  0  5
1018 8 20  452  6  0  0  1  0  4.42  0  13  0  12
1019 2 2  1508  0  0  0  0  0  0.13  0  1  0  0
1020 0 0  1  0  0  0  0  0  0.00  0  0  0  0
1021 0 0  2  0  0  0  0  0  0.00  0  0  0  0
1022 35 58  416  13  3  0  2  0  13.94  0  37  0  23
1023 100 204  1937  27  11  0  20  0  10.53  0  145  1  104
1024 14 19  252  0  0  0  0  0  7.54  0  15  0  5
1025 0 1  15  0  0  0  0  0  6.67  0  1  0  1
1026 0 0  0  0  0  0  0  0  0.00  0  0  0  0
1027 0 0  0  0  0  0  0  0  0.00  0  0  0  0
1028 0 0  0  0  0  0  0  0  0.00  0  0  0  0
1029 89 212  1506  20  4  0  14  0  14.08  1  169  0  123
1030 70 138  627  14  3  0  15  0  22.01  0  103  1  68
1031 0 0  6  0  0  0  0  0  0.00  0  0  0  0
1032 7 23  250  2  0  0  1  0  9.20  0  18  0  16
1033 0 0  0  0  0  0  0  0  0.00  0  0  0  0
1034 0 0  2  0  0  0  0  0  0.00  0  0  0  0
1035 0 0  134  0  0  0  0  0  0.00  0  0  0  0
1036 18 33  424  4  1  0  2  0  7.78  0  22  0  15
1037 5 11  78  4  0  0  2  0  14.10  0  3  0  6
1038 3 3  236  1  1  0  0  0  1.27  0  1  0  0
1039 0 0  20  0  0  0  0  0  0.00  0  0  0  0
1040 13 24  572  4  3  0  0  0  4.20  0  17  0  11
1041 0 0  0  0  0  0  0  0  0.00  0  0  0  0
1042 16 21  496  4  1  1  2  0  4.23  0  9  1  5
1043 1 1  31  0  0  0  0  0  3.23  0  1  0  0
1044 3 4  62  2  0  0  1  0  6.45  0  1  0  1
1045 9 20  1355  1  3  0  2  0  1.48  0  10  0  11
1046 0 0  50  0  0  0  0  0  0.00  0  0  0  0
1047 28 38  1166  8  0  0  3  0  3.26  0  25  0  10
1048 0 0  18  0  0  0  0  0  0.00  0  0  0  0
1049 2 4  258  0  0  0  0  0  1.55  0  4  0  2
1050 9 18  492  2  2  0  0  0  3.66  0  13  1  9
1051 0 0  0  0  0  0  0  0  0.00  0  0  0  0
1052 0 1  0  0  0  0  0  0  0.00  0  1  0  1
1053 0 0  0  0  0  0  0  0  0.00  0  0  0  0
1054 0 0  2  0  0  0  0  0  0.00  0  0  0  0
1055 0 0  0  0  0  0  0  0  0.00  0  0  0  0
1056 0 0  6  0  0  0  0  0  0.00  0  0  0  0
1057 0 0  106  0  0  0  0  0  0.00  0  0  0  0
1058 25 46  1169  7  4  0  1  0  3.93  1  31  0  21
1059 1 1  23  0  0  0  0  0  4.35  0  1  0  0
1060 0 0  52  0  0  0  0  0  0.00  0  0  0  0
1061 75 112  1581  17  5  0  18  2  7.08  0  66  0  37
1062 0 2  158  1  0  0  0  0  1.27  0  1  0  2
1063 3 7  779  0  0  0  1  0  0.90  0  6  0  4
1064 5 14  119  2  1  0  0  0  11.76  0  8  0  9
