0001 724 1188  2012  363  799  9  0  0  59.05  0  0  0  464
0002 775 1191  1833  568  586  11  1  2  64.98  2  0  0  416
0003 1146 1797  2252  744  1011  24  2  0  79.80  1  0  0  651
0004 689 1215  1661  431  756  9  1  1  73.15  2  0  0  526
0005 522 1066  1424  389  646  11  0  0  74.86  2  0  0  544
0006 1098 2186  3638  1262  873  22  3  0  60.09  0  0  0  1088
0007 507 663  1087  22  629  0  0  0  60.99  0  0  0  156
0008 672 1139  1787  563  544  12  0  0  63.74  2  0  0  467
0009 490 804  1703  227  560  4  0  0  47.21  1  0  0  314
0010 449 731  1761  237  469  8  0  0  41.51  0  0  0  282
0011 320 711  1783  185  496  6  0  0  39.88  0  0  0  391
0012 260 393  827  195  189  1  0  0  47.52  0  0  0  133
0013 1237 1787  3259  1145  589  12  2  1  54.83  1  0  0  550
0014 842 1445  1941  775  642  13  1  1  74.45  0  0  0  603
0015 1186 2247  2815  1199  1000  17  0  0  79.82  5  0  0  1061
0016 634 881  1668  335  514  14  0  0  52.82  3  0  0  247
0017 1058 1761  2611  723  990  10  3  1  67.45  1  0  0  703
0018 565 1025  1320  485  507  9  1  0  77.65  2  0  0  460
0019 504 809  1380  277  507  8  0  0  58.62  0  0  0  305
0020 785 1175  2795  349  792  14  1  0  42.04  1  0  0  390
0021 396 570  996  106  448  3  0  0  57.23  0  0  0  174
0022 996 1529  2635  227  1275  5  0  0  58.03  0  0  0  533
0023 69 133  554  34  95  1  0  0  24.01  0  0  0  64
0024 172 316  620  12  300  2  0  0  50.97  0  0  0  144
0025 233 529  1185  13  506  2  0  0  44.64  0  0  0  296
0026 514 988  1850  310  628  8  0  0  53.41  3  0  0  474
0027 834 1475  3016  410  1013  14  2  0  48.91  0  0  0  641
0028 1249 1731  2606  1074  618  9  0  0  66.42  2  0  0  482
0029 385 1056  2766  439  582  4  0  0  38.18  0  0  0  671
0030 731 1272  1700  315  933  5  0  1  74.82  3  0  0  541
0031 984 1506  2678  18  1463  2  0  0  56.24  0  0  0  522
0032 957 1503  2120  643  819  22  0  0  70.90  2  0  0  546
0033 1500 2319  3122  833  1430  33  0  3  74.28  2  0  0  819
0034 1119 1830  2580  443  1334  22  0  2  70.93  5  0  0  711
0035 4 4  12  1  3  0  0  0  33.33  0  0  0  0
0036 1002 1561  2958  479  1036  11  0  0  52.77  1  0  0  559
0037 771 1293  1844  397  850  25  0  0  70.12  2  0  0  522
0038 1247 1949  2664  664  1246  21  1  0  73.16  5  0  0  702
0039 1078 1812  2572  435  1337  14  2  0  70.45  3  0  0  734
0040 1271 2130  2739  851  1238  14  1  1  77.77  3  0  0  859
0041 1040 1788  2402  876  887  8  0  0  74.44  0  0  0  748
0042 471 663  1159  7  647  0  0  0  57.20  0  0  0  192
0043 537 914  1697  476  409  10  1  1  53.86  0  0  0  377
0044 433 759  2072  212  524  3  0  0  36.63  1  0  0  326
0045 2211 3131  5166  641  2418  10  0  0  60.61  0  0  0  920
0046 534 996  2551  253  705  6  0  0  39.04  2  0  0  462
0047 545 876  1780  19  852  1  0  0  49.21  0  0  0  331
0048 480 604  1029  42  555  0  0  0  58.70  1  0  0  124
0049 1036 1719  2873  1195  492  11  1  0  59.83  1  0  0  683
0050 1809 2818  3986  1503  1271  15  0  0  70.70  4  0  0  1009
0051 588 1046  1656  753  271  8  0  0  63.16  2  0  0  458
0052 850 1389  1901  628  725  17  1  0  73.07  3  0  0  539
0053 1074 1928  2645  754  1144  13  0  2  72.89  1  0  0  854
0054 1433 2405  3262  1245  1117  22  1  0  73.73  3  0  0  972
0055 369 650  967  211  417  10  1  0  67.22  1  0  0  281
0056 503 886  1306  575  288  13  0  0  67.84  1  0  0  383
0057 1283 2129  2975  804  1266  18  2  2  71.56  3  0  0  846
0058 761 1398  2253  524  833  19  3  0  62.05  3  0  0  637
0059 866 1465  2163  598  828  18  0  1  67.73  4  0  0  599
0060 904 1534  2205  424  1063  18  1  3  69.57  4  0  0  630
0061 449 1023  2430  340  653  7  0  0  42.10  0  0  0  574
0062 363 942  2269  277  619  10  0  0  41.52  0  0  0  579
0063 578 1143  1899  897  221  5  1  1  60.19  3  0  0  565
0064 313 817  2168  207  564  11  0  0  37.68  1  0  0  504
0065 348 874  2258  236  610  4  0  0  38.71  0  0  0  526
0066 192 482  1197  83  383  2  1  0  40.27  1  0  0  290
0067 647 1188  2687  334  825  3  1  0  44.21  2  0  0  541
0068 973 1401  2576  9  1371  0  0  1  54.39  0  0  0  428
0069 201 525  1365  132  376  2  0  0  38.46  0  0  0  324
0070 1494 2272  2934  1245  994  18  1  0  77.44  2  0  0  778
0071 1024 1823  2813  786  994  18  2  2  64.81  1  0  0  799
0072 420 944  1786  332  587  4  0  0  52.86  0  0  0  524
0073 480 971  1421  549  404  4  1  1  68.33  1  0  0  491
0074 2244 2886  3709  2245  598  19  0  0  77.81  1  0  0  642
0075 436 766  1293  284  466  7  0  1  59.24  1  0  0  330
0076 873 1503  2496  889  585  4  0  0  60.22  2  0  0  630
0077 218 361  625  94  260  2  0  0  57.76  0  0  0  143
0078 367 724  1527  260  438  8  0  0  47.41  0  0  0  357
0079 441 1244  3088  343  855  4  0  0  40.28  0  0  0  803
0080 1559 2178  3777  617  1495  9  0  0  57.66  3  0  0  619
0081 542 851  1954  373  443  8  0  0  43.55  0  0  0  309
0082 1238 2234  3311  1593  600  7  2  0  67.47  3  0  0  996
0083 2205 3193  4569  1487  1652  14  1  0  69.88  4  0  0  988
0084 391 824  1459  571  230  11  0  0  56.48  2  0  0  433
0085 783 1203  1989  8  1182  0  0  0  60.48  0  0  0  420
0086 847 1416  2119  560  812  19  0  0  66.82  2  0  0  569
0087 1301 2242  2813  1276  931  15  0  0  79.70  1  0  0  941
0088 202 384  754  224  152  3  0  0  50.93  0  0  0  182
0089 395 850  1090  451  380  6  0  0  77.98  1  0  0  455
0090 1306 2521  3595  1810  659  25  0  0  70.13  3  0  0  1215
0091 374 766  1234  429  318  5  0  0  62.07  1  0  0  392
0092 1047 1736  2352  1156  551  10  0  0  73.81  2  0  0  689
0093 661 1398  3562  631  712  7  0  0  39.25  1  0  0  737
0094 112 240  571  80  151  2  0  0  42.03  1  0  0  128
0095 1533 2312  3015  1546  717  18  0  0  76.68  1  0  0  779
0096 491 699  1125  75  616  3  0  0  62.13  0  0  0  208
0097 1618 2879  4176  2021  790  12  3  0  68.94  5  0  0  1261
0098 677 1415  2341  1126  262  11  0  0  60.44  0  0  0  738
0099 593 970  2163  481  462  4  0  0  44.85  0  0  0  377
0100 429 800  1866  388  387  7  0  0  42.87  1  0  0  371
0101 270 468  1011  90  370  1  0  0  46.29  0  0  0  198
0102 482 852  2108  234  587  4  1  0  40.42  1  0  0  370
0103 1594 2509  3863  1356  1112  7  1  0  64.95  0  0  0  915
0104 1061 1260  1937  22  1212  2  0  0  65.05  1  0  0  199
0105 506 953  2435  336  583  7  0  0  39.14  1  0  0  447
0106 55 83  322  42  40  0  0  0  25.78  0  0  0  28
0107 409 790  1830  157  609  1  0  0  43.17  1  0  0  381
0108 1496 2123  4159  1231  840  11  0  0  51.05  2  0  0  627
0109 1316 1663  2933  15  1617  4  0  0  56.70  0  0  0  347
0110 1783 2786  3707  1763  973  13  3  0  75.16  1  0  0  1003
0111 1722 2494  3128  1890  557  19  0  0  79.73  0  0  0  772
0112 1169 1950  2841  1319  592  12  1  1  68.64  2  0  0  781
0113 1051 1778  2633  1057  694  10  1  0  67.53  3  0  0  727
0114 1400 2065  2764  1615  422  8  2  0  74.71  0  0  0  665
0115 553 891  1724  118  754  3  0  1  51.68  0  0  0  338
0116 1446 2219  2756  1639  554  10  0  0  80.52  1  0  0  773
0117 431 936  2058  423  483  8  0  1  45.48  3  0  0  505
0118 1065 1640  2090  1233  377  9  1  0  78.47  2  0  0  575
0119 1661 3004  4474  2340  612  8  1  0  67.14  3  0  0  1343
0120 1132 1778  2971  1085  650  12  0  2  59.85  2  0  0  646
0121 189 417  635  268  140  0  0  0  65.67  0  0  0  228
0122 949 1353  2329  46  1290  1  0  0  58.09  0  0  0  404
0123 549 921  1338  252  643  11  0  1  68.83  4  0  0  372
0124 2668 3729  4303  2870  814  15  5  0  86.66  2  0  0  1061
0125 975 1584  2390  926  624  14  2  0  66.28  0  0  0  609
0126 1252 1738  2480  1468  232  10  5  2  70.08  0  0  0  486
0127 665 893  1593  617  253  5  1  0  56.06  1  0  0  228
0128 922 1711  2234  1050  631  5  0  0  76.59  4  0  0  789
0129 2184 3669  5241  2266  1315  29  6  0  70.01  3  0  0  1485
0130 1286 1868  2355  1331  501  6  1  1  79.32  2  0  0  582
0131 446 852  1549  241  586  5  0  0  55.00  0  0  0  406
0132 1241 1653  2561  24  1611  4  0  0  64.55  0  0  0  412
0133 1042 2060  2586  1159  861  20  1  0  79.66  1  0  0  1018
0134 408 865  1522  398  444  7  1  0  56.83  0  0  0  457
0135 1265 2054  2869  1291  723  12  1  0  71.59  1  0  2  789
0136 1087 1518  2325  47  1462  1  0  1  65.29  0  0  0  431
0137 353 599  771  236  352  3  0  1  77.69  2  0  0  246
0138 746 922  1880  31  883  1  0  0  49.04  0  0  0  176
0139 1122 1700  2266  747  915  24  1  1  75.02  2  0  0  578
0140 1561 2169  3069  322  1808  10  1  2  70.67  1  0  0  608
0141 174 393  1034  237  144  6  0  0  38.01  1  0  0  219
0142 165 327  868  108  212  0  1  0  37.67  1  0  0  162
0143 1776 2191  2429  1547  618  8  0  0  90.20  2  0  0  415
0144 501 749  1259  17  714  1  1  0  59.49  0  0  0  248
0145 634 909  1582  19  873  0  0  0  57.46  0  0  0  275
0146 854 1411  1954  643  740  13  2  1  72.21  0  0  0  557
0147 1321 1748  2818  227  1481  6  0  0  62.03  1  0  0  427
0148 1086 1917  2483  728  1154  17  1  0  77.20  2  0  0  831
0149 3099 4683  5947  2042  2568  20  3  0  78.75  2  0  0  1584
0150 581 739  1137  13  716  1  0  0  65.00  1  0  0  158
0151 334 434  877  15  406  1  0  0  49.49  0  0  0  100
0152 493 1105  2814  304  769  9  0  0  39.27  0  0  0  612
0153 316 759  1819  286  437  10  0  0  41.73  0  0  0  443
0154 578 983  2151  280  662  3  0  0  45.70  2  0  0  405
0155 2602 3797  5149  2475  1256  17  2  0  73.74  8  0  0  1195
0156 1601 2158  3465  56  2080  2  0  0  62.28  1  0  0  557
0157 969 1304  2474  30  1253  0  0  0  52.71  0  0  0  335
0158 1251 1705  2868  22  1666  1  0  0  59.45  0  0  0  454
0159 303 517  972  57  449  1  0  0  53.19  0  0  0  214
0160 300 421  748  9  400  0  0  0  56.28  0  0  0  121
0161 539 701  1196  4  689  0  0  0  58.61  0  0  0  162
0162 215 514  1333  212  283  4  0  0  38.56  1  0  0  299
0163 605 1261  2997  533  684  8  0  0  42.08  1  0  0  656
0164 595 907  1569  14  885  0  0  0  57.81  0  0  0  312
0165 924 1554  2354  932  569  19  2  0  66.02  2  0  0  630
0166 276 544  965  192  332  6  1  0  56.37  0  0  0  268
0167 4 9  23  0  9  0  0  0  39.13  0  0  0  5
0168 199 306  584  3  298  0  0  0  52.40  0  0  0  107
0169 1088 1431  2636  20  1380  5  0  1  54.29  0  0  0  343
0170 466 829  1998  414  384  6  0  0  41.49  1  0  1  363
0171 519 823  1643  27  784  1  0  0  50.09  0  0  0  304
0172 144 322  583  120  194  2  0  0  55.23  1  0  0  178
0173 1492 2195  2599  1612  555  9  2  1  84.46  0  0  0  703
0174 1448 2406  3130  1553  814  17  1  0  76.87  1  0  0  958
0175 981 1798  2318  933  822  19  1  2  77.57  3  0  0  817
0176 635 1189  1548  629  531  11  2  0  76.81  2  0  0  554
0177 613 1079  1349  652  404  11  2  0  79.99  2  0  0  466
0178 810 1410  1810  890  489  14  0  1  77.90  0  0  0  600
0179 445 832  1636  404  385  12  2  0  50.86  3  0  0  387
0180 1016 1586  2997  44  1510  5  0  0  52.92  0  0  0  570
0181 339 848  2004  328  490  4  0  0  42.32  1  0  0  509
0182 1397 2444  3218  1443  948  16  3  0  75.95  1  0  0  1047
0183 1009 1930  2398  1186  706  11  2  0  80.48  1  0  0  921
0184 213 464  984  182  270  3  0  0  47.15  0  0  0  251
0185 607 1150  2062  443  672  4  0  0  55.77  1  0  0  543
0186 211 436  822  25  403  1  0  0  53.04  0  0  0  225
0187 22 133  333  44  85  1  0  0  39.94  0  0  0  111
0188 236 651  1732  290  334  8  0  0  37.59  0  0  0  415
0189 537 1076  1679  537  509  8  0  0  64.09  4  0  0  539
0190 239 686  1969  272  383  9  0  0  34.84  1  0  0  447
0191 205 504  1535  205  285  0  0  0  32.83  2  0  0  299
0192 860 1189  2272  32  1139  2  0  0  52.33  0  0  0  329
0193 424 675  1115  6  659  2  0  0  60.54  0  0  0  251
0194 668 1069  1547  243  790  7  1  2  69.10  8  0  0  401
0195 648 1082  1953  11  1056  4  0  0  55.40  0  0  0  434
0196 143 181  370  13  167  0  0  0  48.92  0  0  0  38
0197 1280 1730  3185  30  1674  1  0  0  54.32  0  0  0  450
0198 163 326  728  3  314  0  0  0  44.78  0  0  0  163
0199 1439 2177  3119  1615  518  17  0  0  69.80  1  0  0  738
0200 1651 2298  3302  1025  1225  24  1  2  69.59  1  0  0  647
0201 228 374  763  7  356  0  0  0  49.02  0  0  0  146
0202 532 793  1525  10  766  4  0  0  52.00  0  0  0  261
0203 201 381  921  91  275  2  0  0  41.37  1  0  0  180
0204 1540 2429  3371  1337  1029  21  1  0  72.06  4  0  0  889
0205 883 1098  1658  17  1065  1  0  0  66.22  0  0  0  215
0206 684 1226  2582  423  762  7  2  0  47.48  1  0  0  542
0207 437 731  1154  300  408  3  0  0  63.34  1  0  0  294
0208 860 1214  2365  374  793  7  0  0  51.33  0  0  0  354
0209 0 0  0  0  0  0  0  0  0.00  0  0  0  0
0210 947 1397  2202  61  1315  1  0  1  63.44  0  0  0  450
0211 632 1281  2794  571  664  16  2  0  45.85  0  0  0  649
0212 431 856  1858  135  699  9  0  0  46.07  0  0  0  425
0213 1481 2580  3270  1922  616  10  0  1  78.90  1  0  0  1099
0214 790 1317  1771  775  507  10  1  1  74.36  3  0  0  527
0215 870 1639  2150  933  664  14  1  0  76.23  2  0  0  769
0216 761 1178  2068  107  1055  1  0  1  56.96  0  0  0  417
0217 1328 2027  2632  1244  753  10  0  0  77.01  5  0  0  699
0218 732 1337  2352  448  850  11  1  1  56.85  3  0  0  605
0219 1165 1707  2610  104  1574  8  1  0  65.40  1  0  0  542
0220 716 1212  2658  893  295  4  0  0  45.60  1  0  0  496
0221 710 1406  2635  647  705  9  1  0  53.36  4  0  0  696
0222 1107 1873  2374  797  1040  13  0  0  78.90  3  0  0  766
0223 1532 2178  3569  579  1568  9  3  0  61.03  2  0  0  646
0224 1355 2157  2875  911  1211  13  2  0  75.03  2  0  0  802
0225 1205 1943  3183  949  960  5  0  0  61.04  0  0  0  738
0226 512 1047  2485  296  718  8  0  1  42.13  0  0  0  535
0227 933 1480  1852  998  452  10  1  0  79.91  0  0  0  547
0228 609 767  1099  21  737  3  0  0  69.79  0  0  0  158
0229 162 352  897  146  197  2  0  0  39.24  0  0  0  190
0230 481 645  1215  10  624  2  0  0  53.09  0  0  0  164
0231 476 941  2284  306  606  4  1  0  41.20  0  0  0  465
0232 760 1308  1705  697  578  12  0  1  76.72  2  0  0  548
0233 1836 2872  3936  1398  1421  21  3  0  72.97  7  0  0  1036
0234 1839 2889  3643  2117  721  9  0  0  79.30  0  0  0  1050
0235 519 767  1360  19  735  1  0  0  56.40  0  0  0  248
0236 811 1156  2296  28  1111  2  0  0  50.35  0  0  0  345
0237 828 1282  2271  22  1238  1  0  0  56.45  0  0  0  454
0238 649 1108  2038  24  1068  0  0  0  54.37  0  0  0  459
0239 810 1188  2097  34  1128  4  0  0  56.65  0  0  0  378
0240 1206 1562  2728  16  1520  5  0  0  57.26  0  0  0  356
0241 563 1098  2622  493  586  2  0  0  41.88  0  0  0  535
0242 369 777  1891  405  347  8  1  0  41.09  0  0  0  408
0243 256 299  449  1  297  0  0  0  66.59  0  0  0  43
0244 1157 1837  2837  988  798  19  4  1  64.75  2  0  0  680
0245 1856 2954  4334  1883  1025  14  3  0  68.16  0  0  1  1098
0246 1226 1905  2471  1311  572  4  0  0  77.09  0  0  0  679
0247 439 946  1825  14  910  2  0  0  51.84  0  0  0  507
0248 427 762  2172  204  532  4  1  0  35.08  1  0  0  335
0249 1020 1559  2825  1006  514  13  1  0  55.19  2  0  0  539
0250 336 590  1076  15  565  0  0  0  54.83  0  0  0  254
0251 707 1436  2096  40  1377  2  0  0  68.51  0  0  0  729
0252 1225 1536  2587  29  1485  3  0  0  59.37  0  0  0  311
0253 867 1242  2368  22  1197  3  0  0  52.45  0  0  0  375
0254 202 482  1554  152  311  1  0  1  31.02  1  0  0  280
0255 1152 1874  2394  851  986  16  0  1  78.28  1  0  0  722
0256 1177 2018  3547  906  1048  13  0  1  56.89  2  0  0  841
0257 585 1093  2354  314  749  4  0  0  46.43  2  0  0  508
0258 1514 2504  3318  1768  698  13  1  1  75.47  3  0  0  990
0259 1374 1852  2643  19  1815  1  0  0  70.07  1  0  0  478
0260 412 669  917  371  286  3  0  0  72.96  0  0  0  257
0261 165 304  752  127  162  3  0  0  40.43  0  0  0  139
0262 1500 2414  4232  1386  957  17  3  1  57.04  5  0  0  914
0263 2591 4242  5218  3075  1109  15  0  0  81.30  1  0  0  1651
0264 924 1713  3133  964  707  11  0  1  54.68  1  0  0  789
0265 1882 2735  3613  2009  674  13  2  2  75.70  0  0  0  853
0266 664 1170  2354  577  539  8  1  0  49.70  1  0  0  506
0267 340 701  1533  336  341  7  0  0  45.73  2  0  0  361
0268 936 1739  2294  994  709  3  3  1  75.81  3  0  0  803
0269 1108 1613  1990  1166  432  1  0  0  81.06  0  0  1  505
0270 1368 2340  3512  1326  929  25  7  0  66.63  6  0  0  972
0271 1229 1634  2474  14  1605  0  0  0  66.05  0  0  0  405
0272 702 1193  2166  465  707  11  0  0  55.08  0  0  0  491
0273 963 1861  2462  1396  437  12  1  0  75.59  0  0  0  898
0274 1416 2112  2892  1348  717  17  2  1  73.03  5  0  0  696
0275 633 1056  1693  185  843  0  0  3  62.37  2  0  0  423
0276 1127 1531  2695  10  1485  0  0  0  56.81  0  0  0  404
0277 364 688  1593  357  310  4  0  0  43.19  0  0  0  324
0278 782 1438  2567  833  568  13  2  0  56.02  5  0  0  656
0279 496 983  1965  610  352  7  0  0  50.03  0  1  0  487
0280 380 774  1757  295  459  4  0  0  44.05  1  0  0  394
0281 1320 2105  2658  1129  943  10  0  0  79.19  1  1  0  785
0282 668 1365  2059  753  565  9  0  0  66.29  1  0  0  697
0283 0 0  0  0  0  0  0  0  0.00  0  0  0  0
0284 1373 2027  3710  790  1178  10  2  1  54.64  0  0  0  654
0285 984 1502  2581  151  1316  6  0  0  58.19  0  0  0  518
0286 2646 3169  5253  278  2831  7  0  1  60.33  2  0  0  523
0287 1191 1946  2676  967  934  14  2  2  72.72  3  0  0  755
0288 1100 1480  2369  13  1445  2  0  0  62.47  0  0  0  380
0289 380 809  1561  391  383  6  1  0  51.83  0  0  0  429
0290 515 1023  1599  728  273  10  0  0  63.98  0  0  0  508
0291 576 891  1274  459  416  5  0  0  69.94  2  0  0  315
0292 443 719  1366  112  588  3  0  0  52.64  0  0  0  276
0293 714 1281  1747  606  650  12  0  0  73.33  1  0  0  567
0294 1050 1375  2352  17  1348  1  0  0  58.46  0  0  0  325
0295 301 558  923  10  541  0  0  0  60.46  0  0  0  257
0296 633 1101  1732  675  393  7  1  0  63.57  0  0  0  468
0297 658 1124  2161  469  620  7  1  0  52.01  2  0  0  466
0298 920 1500  2285  808  638  14  0  2  65.65  4  0  0  580
0299 270 466  1187  182  267  2  1  0  39.26  1  0  0  196
0300 2881 3733  4471  2824  861  15  2  0  83.49  2  0  0  852
0301 384 955  2603  451  472  7  1  0  36.69  1  0  0  571
0302 671 1404  2842  804  566  10  0  0  49.40  0  0  0  733
0303 1633 2512  3236  1911  570  16  0  0  77.63  1  0  0  879
0304 1048 1687  2311  961  679  11  2  0  73.00  3  0  1  639
0305 2037 3199  4910  1339  1774  14  2  0  65.15  3  0  0  1162
0306 937 1399  1856  971  413  7  0  0  75.38  0  0  0  462
0307 1113 2172  3091  1472  644  19  1  1  70.27  7  0  0  1059
0308 460 707  1304  234  457  2  0  1  54.22  1  0  0  247
0309 1308 2038  2563  1548  465  10  0  0  79.52  2  0  0  730
0310 659 1055  1551  685  348  6  2  0  68.02  0  0  0  396
0311 994 1710  3210  859  795  11  1  0  53.27  2  0  0  716
0312 1570 2433  3901  1332  1047  25  3  0  62.37  4  0  0  863
0313 23 28  47  15  13  0  0  0  59.57  0  0  0  5
0314 2430 3478  4407  2084  1360  14  0  0  78.92  0  0  0  1048
0315 758 1344  1774  799  515  9  0  1  75.76  1  0  0  586
0316 694 1143  1585  648  459  8  1  0  72.11  4  0  0  449
0317 662 1044  1636  326  683  7  2  0  63.81  5  0  0  382
0318 1755 2309  3371  87  2169  4  0  0  68.50  0  0  0  554
0319 887 1310  2171  81  1194  2  0  0  60.34  0  0  0  423
0320 380 748  1600  384  333  4  0  0  46.75  2  0  0  368
0321 413 757  2189  329  400  4  0  0  34.58  0  0  0  344
0322 592 960  1935  176  769  3  0  0  49.61  0  0  1  368
0323 552 933  1922  397  509  8  0  0  48.54  1  0  0  381
0324 966 1750  2300  1155  560  7  2  0  76.09  3  0  0  784
0325 673 982  2227  237  722  5  1  0  44.10  1  0  0  309
0326 171 340  706  160  171  1  0  0  48.16  0  0  0  169
0327 768 967  1859  10  936  1  0  0  52.02  0  0  0  199
0328 302 652  1556  268  360  7  0  0  41.90  0  0  0  350
0329 445 730  1438  285  417  12  0  0  50.76  0  0  0  285
0330 652 1059  2103  510  521  6  0  0  50.36  1  0  0  407
0331 2 2  0  1  1  0  0  0  0.00  0  0  0  0
0332 23 27  148  15  12  0  0  0  18.24  0  0  0  4
0333 852 1988  3184  1379  562  14  0  0  62.44  3  0  0  1136
0334 225 319  521  81  234  1  0  0  61.23  0  0  0  94
0335 222 457  1244  174  269  2  1  0  36.74  0  0  0  235
0336 1128 1569  1918  137  1408  3  0  0  81.80  0  0  0  441
0337 284 745  825  147  581  3  0  0  90.30  0  0  0  461
0338 1761 2475  4490  846  1552  7  0  0  55.12  1  0  0  714
0339 423 787  1726  227  533  1  0  0  45.60  0  0  0  364
0340 1843 2647  3683  1865  714  29  1  1  71.87  4  0  0  804
0341 192 493  1216  179  300  4  0  0  40.54  0  0  0  301
0342 1819 2678  4172  354  2269  14  1  0  64.19  0  0  0  859
0343 385 897  1950  336  539  5  0  0  46.00  0  0  0  512
0344 398 681  1282  21  649  2  0  0  53.12  0  0  0  283
0345 514 885  1810  210  643  8  1  0  48.90  1  0  0  371
0346 2 2  2  1  1  0  0  0  100.00  0  0  0  0
0347 1256 1939  3397  1186  699  18  0  0  57.08  1  0  0  683
0348 818 1197  1975  839  325  9  4  0  60.61  3  0  0  379
0349 392 837  1403  496  325  6  0  0  59.66  0  0  0  445
0350 1373 2133  2940  852  1235  20  2  0  72.55  1  0  0  760
0351 2541 3416  4649  2626  739  21  1  0  73.48  1  0  0  875
0352 1124 1861  3383  1284  543  11  1  0  55.01  2  0  0  737
0353 1611 2215  3668  400  1768  9  0  0  60.39  0  0  0  604
0354 1564 2054  3167  563  1456  8  0  0  64.86  1  0  0  490
0355 538 774  1049  37  720  2  0  0  73.78  0  0  0  236
0356 1394 2145  2981  1192  897  19  5  1  71.96  1  0  0  751
0357 1713 2462  3444  1744  657  18  4  1  71.49  2  0  0  749
0358 1343 2039  3650  246  1760  7  0  0  55.86  0  0  0  696
0359 976 1519  3420  124  1366  4  0  0  44.42  0  0  0  543
0360 1140 1695  2312  851  806  22  0  0  73.31  2  0  0  555
0361 247 880  1650  167  686  20  0  2  53.33  1  0  0  633
0362 2385 3824  5495  2666  1071  24  1  0  69.59  2  0  0  1439
0363 1345 2082  3278  970  1078  7  2  1  63.51  1  0  0  737
0364 884 1577  2631  851  687  11  0  0  59.94  2  0  0  693
0365 827 1037  1336  69  956  0  0  0  77.62  0  0  0  210
0366 465 861  1786  250  589  0  1  0  48.21  0  0  0  396
0367 345 518  986  66  442  2  0  0  52.54  0  0  0  173
0368 417 523  882  148  367  0  0  0  59.30  0  0  0  106
0369 94 152  450  43  103  0  0  1  33.78  0  0  0  58
0370 2751 3770  4879  2808  903  20  0  0  77.27  2  0  0  1019
0371 199 261  381  11  244  0  0  0  68.50  0  0  0  62
0372 547 775  1222  88  677  0  0  0  63.42  0  0  0  228
0373 75 93  165  4  87  0  0  0  56.36  0  0  0  18
0374 154 349  776  126  213  2  0  0  44.97  0  0  0  195
0375 598 1118  2831  537  549  9  0  0  39.49  1  0  0  520
0376 784 1177  2314  578  564  8  0  0  50.86  0  0  0  393
0377 990 1914  3179  1376  501  13  0  0  60.21  2  0  0  924
0378 486 1151  1915  675  443  12  3  0  60.10  2  0  0  665
0379 826 1253  2046  116  1113  5  0  2  61.24  0  0  0  427
0380 2345 3428  4167  1945  1420  21  2  0  82.27  1  0  0  1083
0381 984 1427  2787  647  744  9  0  0  51.20  0  0  0  443
0382 224 429  781  318  96  6  0  0  54.93  0  0  0  205
0383 1002 1684  3421  509  1129  14  0  3  49.23  0  0  0  682
0384 1262 1734  2647  357  1348  5  0  0  65.51  3  0  0  472
0385 1089 1775  2203  1294  459  6  2  0  80.57  2  0  0  686
0386 1355 1889  2847  1339  524  8  0  0  66.35  0  0  0  534
0387 1152 2087  3754  1456  582  16  0  1  55.59  2  0  0  935
0388 2083 2928  3561  1364  1526  13  2  1  82.22  1  0  0  845
0389 288 495  730  45  444  3  1  0  67.81  1  0  0  207
0390 894 1207  1619  117  1067  4  0  1  74.55  1  0  0  313
0391 846 1353  1858  792  537  14  1  0  72.82  0  0  0  507
0392 773 999  1590  6  978  2  0  0  62.83  0  0  0  226
0393 393 780  1457  368  395  8  1  0  53.53  2  0  0  387
0394 147 350  973  166  168  2  0  0  35.97  0  0  0  203
0395 815 1338  1791  923  389  13  1  1  74.71  0  0  0  523
0396 1182 1429  2214  15  1402  0  1  0  64.54  0  0  0  247
0397 171 348  810  165  171  1  0  0  42.96  1  0  0  177
0398 1540 2442  3798  1236  1167  10  2  0  64.30  0  0  0  902
0399 912 1520  2627  799  687  5  3  1  57.86  0  0  0  608
0400 773 1121  1551  807  293  3  2  0  72.28  4  0  0  348
0401 786 1095  2021  40  1039  1  0  0  54.18  0  0  0  309
0402 1205 1539  2370  51  1466  3  0  0  64.94  0  0  0  334
0403 839 1360  1695  780  552  9  1  0  80.24  2  0  0  521
0404 818 1404  2770  813  540  17  2  0  50.69  2  0  0  586
0405 0 4  0  0  4  0  0  0  0.00  0  0  0  4
0406 291 410  665  7  396  1  0  0  61.65  0  0  0  119
0407 1341 2382  3763  1562  760  19  3  0  63.30  1  0  0  1041
0408 177 368  1048  165  192  2  0  0  35.11  0  0  0  191
0409 424 806  2161  228  545  2  0  0  37.30  0  0  0  382
0410 304 406  863  84  309  1  3  0  47.05  1  0  0  102
0411 535 1003  2493  308  651  7  1  0  40.23  2  1  0  468
0412 160 235  412  7  225  0  0  0  57.04  0  0  0  75
0413 1615 2051  3053  836  1162  12  0  0  67.18  0  0  1  436
0414 1477 2168  3789  1555  566  12  0  2  57.22  2  0  0  691
0415 849 1612  2212  1090  494  9  1  0  72.88  0  0  0  763
0416 1203 2289  3970  1204  1029  23  5  1  57.66  6  0  0  1086
0417 905 1569  2631  734  798  11  2  0  59.64  1  0  0  664
0418 1125 1941  3630  772  1124  7  1  0  53.47  2  1  0  816
0419 1083 1728  3048  1131  555  11  0  1  56.69  3  0  0  645
0420 1917 3258  4668  2626  578  18  0  1  69.79  1  0  0  1341
0421 195 304  541  52  249  2  0  0  56.19  0  0  0  109
0422 1415 2016  3430  32  1959  1  0  2  58.78  0  0  0  601
0423 180 493  956  250  229  2  0  0  51.57  0  0  0  313
0424 285 418  748  212  196  3  0  0  55.88  0  0  0  133
0425 287 511  941  179  319  3  0  2  54.30  0  0  0  224
0426 457 738  1300  447  273  3  0  0  56.77  1  0  0  281
0427 363 630  1149  254  350  5  0  0  54.83  1  0  0  267
0428 1563 2296  4089  868  1351  18  0  0  56.15  0  0  0  733
0429 1440 2171  3920  518  1597  8  1  0  55.38  0  0  0  731
0430 469 814  1633  167  620  2  1  2  49.85  1  0  0  345
0431 900 1518  3453  411  1041  15  0  1  43.96  1  0  0  618
0432 307 605  1520  189  403  4  0  0  39.80  1  0  0  298
0433 187 313  635  56  250  0  0  0  49.29  0  0  0  126
0434 583 1048  1401  639  392  3  1  0  74.80  2  0  0  465
0435 1401 2237  2948  1419  768  14  2  0  75.88  2  0  0  836
0436 1297 2190  3171  1255  888  20  0  0  69.06  6  0  0  893
0437 886 1539  2080  1055  446  5  0  0  73.99  3  0  0  653
0438 919 1388  1791  994  372  9  0  0  77.50  1  0  0  469
0439 1388 2410  3252  1651  726  14  2  0  74.11  0  0  0  1022
0440 1198 2202  2884  1658  524  5  0  0  76.35  1  0  1  1004
0441 679 1212  1627  876  321  6  0  0  74.49  1  0  0  533
0442 1254 1941  2560  1569  345  5  2  3  75.82  3  0  0  687
0443 329 478  595  323  144  7  2  0  80.34  0  0  0  149
0444 1137 1977  3281  1235  683  15  4  0  60.26  3  0  0  840
0445 893 1366  2042  841  490  9  0  2  66.90  1  0  0  473
0446 59 101  257  54  46  0  0  0  39.30  0  0  0  42
0447 221 325  470  110  209  2  0  0  69.15  1  0  0  104
0448 1328 2369  3472  1320  990  23  2  1  68.23  4  0  0  1041
0449 18 33  9  0  33  0  0  0  366.67  0  0  0  15
0450 1036 1612  3190  414  1164  7  0  0  50.53  0  0  0  576
0451 1431 2143  2767  1718  377  16  2  0  77.45  0  0  0  712
0452 807 1700  2702  1212  449  9  0  0  62.92  0  0  0  893
0453 643 1056  1938  378  650  2  0  0  54.49  0  0  0  413
0454 1257 1581  2654  7  1552  4  0  0  59.57  0  0  0  324
0455 740 1017  1778  27  975  0  0  0  57.20  0  0  0  277
0456 1178 1777  3145  985  754  14  2  0  56.50  2  0  0  599
0457 0 1  0  0  1  0  0  0  0.00  0  0  0  1
0458 894 1170  1906  72  1074  3  0  0  61.39  0  0  0  276
0459 1725 2218  3064  1696  489  13  1  0  72.39  0  0  0  493
0460 1171 1540  2234  510  988  14  1  0  68.93  0  0  0  369
0461 1869 2620  3465  1680  864  22  1  0  75.61  1  0  0  751
0462 1471 2278  3221  888  1348  15  1  1  70.72  1  0  0  807
0463 991 1535  2393  699  788  13  1  0  64.15  1  2  0  544
0464 712 1492  2247  1005  452  7  2  0  66.40  0  0  0  780
0465 1721 2336  3550  1307  985  11  0  1  65.80  2  1  0  615
0466 1934 2760  3915  1580  1127  11  1  1  70.50  3  0  0  826
0467 623 924  1765  268  634  4  0  0  52.35  2  0  0  301
0468 1272 2128  3807  639  1448  7  0  0  55.90  3  0  0  856
0469 1994 2663  3654  2047  576  11  3  0  72.88  2  0  0  669
0470 388 811  1453  573  215  7  0  0  55.82  0  0  0  423
0471 684 1341  2376  979  321  20  0  0  56.44  0  0  0  657
0472 401 761  1066  324  423  3  1  0  71.39  2  0  0  360
0473 900 1477  1909  992  453  12  1  0  77.37  1  0  0  577
0474 1060 2071  3186  1389  626  10  8  0  65.00  2  0  0  1011
0475 443 876  1394  390  462  7  1  0  62.84  0  0  0  433
0476 874 1624  2614  957  630  12  3  1  62.13  1  0  0  750
0477 1156 2122  3031  1535  547  12  3  0  70.01  3  0  0  966
0478 1792 2782  3997  1853  878  17  3  1  69.60  0  1  0  990
0479 1187 1953  2660  1425  493  18  0  0  73.42  0  0  0  766
0480 1578 2490  3581  1806  645  9  3  1  69.53  0  0  0  912
0481 1435 2341  3370  1743  544  17  0  1  69.47  4  0  0  906
0482 1598 2864  4187  1894  903  22  6  0  68.40  1  0  0  1266
0483 1891 2804  4310  1425  1314  28  2  2  65.06  2  0  0  913
0484 1923 3143  4353  2265  822  17  0  0  72.20  1  0  0  1220
0485 2313 3478  4760  2507  892  24  9  0  73.07  8  0  0  1165
0486 2473 3814  5241  2904  857  22  5  0  72.77  3  0  0  1341
0487 1087 1587  3147  548  988  9  0  0  50.43  0  0  0  500
0488 782 1219  2017  441  752  5  1  0  60.44  0  0  0  437
0489 877 1235  1917  374  820  8  2  0  64.42  0  0  0  358
0490 1289 1845  2948  672  1147  1  0  0  62.58  0  0  0  556
0491 637 1243  1947  674  542  10  0  0  63.84  3  0  0  606
0492 1191 1764  2606  947  793  7  0  0  67.69  1  0  0  573
0493 845 1327  1812  808  489  9  1  0  73.23  1  0  0  482
0494 1204 1714  3193  211  1450  6  0  0  53.68  1  0  0  510
0495 1052 1643  2175  1165  459  10  0  0  75.54  1  0  0  591
0496 511 1083  2057  451  605  7  0  0  52.65  0  0  0  572
0497 1124 1439  2358  57  1353  5  0  0  61.03  0  0  0  315
0498 861 1377  2230  532  810  10  0  2  61.75  0  1  0  516
0499 1257 1823  2270  1300  489  14  0  0  80.31  1  0  0  566
0500 1272 2203  3177  1467  696  11  0  0  69.34  2  0  0  931
0501 586 988  1469  279  688  9  0  1  67.26  1  0  0  402
0502 740 1434  2367  1114  294  8  0  0  60.58  2  0  0  694
0503 475 734  1415  272  441  2  1  0  51.87  0  0  0  259
0504 1036 1697  2238  1102  564  11  0  0  75.83  3  0  0  661
0505 1276 2168  3939  945  1145  16  3  1  55.04  3  0  0  892
0506 1578 2264  3254  461  1771  2  2  0  69.58  1  1  0  686
0507 674 1064  2738  253  778  6  0  0  38.86  1  0  0  390
0508 1212 1747  3057  642  1038  10  0  0  57.15  2  0  0  535
0509 1298 2168  3145  1452  658  9  3  0  68.93  1  0  0  870
0510 1574 2373  3400  1126  1203  13  1  1  69.79  2  0  0  799
0511 0 0  0  0  0  0  0  0  0.00  0  0  0  0
0512 1422 2561  4464  1202  1288  19  2  0  57.37  3  0  0  1139
0513 1380 2156  2792  1661  459  8  2  0  77.22  3  0  0  776
0514 1574 2618  3844  1854  710  19  1  0  68.11  1  0  0  1044
0515 1274 2328  3043  1835  459  14  0  0  76.50  0  0  0  1054
0516 2040 3186  4576  1731  1386  19  2  1  69.62  5  0  0  1146
0517 1195 1915  3468  1025  827  12  2  0  55.22  0  0  0  720
0518 1498 2562  3774  1591  919  19  2  0  67.89  1  0  0  1064
0519 1224 1992  3004  1401  548  17  7  1  66.31  0  0  0  768
0520 1496 2176  3735  517  1615  10  0  0  58.26  4  0  0  680
0521 2118 3498  5455  1725  1661  24  3  0  64.12  6  0  0  1380
0522 1498 2377  3367  1741  586  11  1  0  70.60  3  0  1  879
0523 1297 2108  3161  1391  660  11  9  0  66.69  2  0  0  811
0524 1439 2080  3453  689  1339  10  0  0  60.24  2  0  0  641
0525 1450 1974  2975  434  1495  9  2  0  66.35  0  0  0  524
0526 160 324  747  115  198  3  0  0  43.37  0  0  0  164
0527 71 169  575  77  87  0  1  0  29.39  1  0  0  98
0528 35 55  111  2  52  0  0  0  49.55  0  0  0  20
0529 1832 2404  3759  1937  415  17  0  0  63.95  1  0  0  572
0530 240 469  1234  134  323  5  0  0  38.01  0  0  0  229
0531 522 735  1059  576  145  1  0  0  69.41  0  0  0  213
0532 465 677  1090  455  198  6  2  0  62.11  1  0  0  212
0533 336 584  1169  313  250  6  1  0  49.96  0  0  0  248
0534 1645 2488  4058  1760  667  16  2  0  61.31  1  0  0  843
0535 71 153  418  65  83  1  0  0  36.60  0  0  0  82
0536 1267 2347  3792  894  1386  16  1  0  61.89  1  0  0  1080
0537 1222 2077  2710  1451  594  8  1  0  76.64  0  0  0  855
0538 451 721  1296  17  680  0  0  2  55.63  1  0  0  270
0539 35 46  59  21  24  0  0  0  77.97  0  0  0  11
0540 757 1110  1427  435  653  7  2  0  77.79  0  0  0  353
0541 1971 2698  3894  371  2280  11  3  1  69.29  2  0  0  727
0542 1467 2222  3747  118  2054  8  0  0  59.30  0  0  0  755
0543 304 661  1565  235  405  2  0  0  42.24  0  0  0  357
0544 96 161  337  20  135  1  0  0  47.77  0  0  0  65
0545 1611 2592  3723  1309  1218  23  0  0  69.62  2  0  0  981
0546 4 7  42  2  5  0  0  0  16.67  0  0  0  3
0547 896 1562  2458  1077  436  12  2  0  63.55  1  0  0  666
0548 831 1334  2220  618  680  8  2  1  60.09  1  0  0  503
0549 1035 1568  2497  222  1312  2  0  0  62.80  3  0  0  533
0550 1546 2447  4174  1163  1231  12  0  0  58.62  2  0  0  901
0551 3064 5204  6418  3721  1393  22  18  0  81.08  1  0  0  2140
0552 1446 2614  3461  2128  448  12  7  0  75.53  4  0  0  1168
0553 1428 2328  4089  1051  1219  10  2  0  56.93  0  0  0  900
0554 603 983  1899  197  751  3  0  0  51.76  0  0  0  380
0555 662 1115  2285  176  913  6  0  0  48.80  0  0  0  453
0556 903 1358  2772  317  1008  4  2  0  48.99  0  0  0  455
0557 1569 2243  4260  736  1425  20  0  1  52.65  0  0  0  674
0558 1690 2448  3882  810  1568  18  3  0  63.06  1  0  0  758
0559 1491 2115  3237  489  1574  10  3  0  65.34  0  0  0  624
0560 147 475  1204  113  339  2  0  0  39.45  1  0  0  328
0561 743 1575  3207  848  687  9  2  0  49.11  0  0  0  832
0562 191 325  679  46  275  0  0  0  47.86  0  0  0  134
0563 1772 2244  3133  1676  523  15  1  1  71.62  2  0  0  472
0564 1640 2310  3394  617  1657  10  3  3  68.06  1  0  0  670
0565 1065 1586  3373  255  1309  3  0  0  47.02  1  0  0  521
0566 1219 1813  3089  432  1334  12  0  0  58.69  1  0  0  594
0567 761 1185  2507  346  809  6  1  0  47.27  1  0  0  424
0568 1526 2575  3573  1609  922  19  0  0  72.07  2  0  0  1049
0569 1235 2188  3162  1167  973  16  1  0  69.20  4  0  0  953
0570 607 1072  1649  473  572  12  2  1  65.01  0  0  1  465
0571 268 566  1832  217  330  3  0  0  30.90  0  1  0  298
0572 1353 1954  2930  939  957  20  1  0  66.69  1  0  0  601
0573 596 919  1679  13  889  3  0  0  54.73  0  0  0  323
0574 91 163  396  33  125  1  0  0  41.16  0  0  0  72
0575 26 51  88  42  8  0  0  0  57.95  0  0  0  25
0576 1135 1610  2766  26  1561  1  0  0  58.21  0  0  0  475
0577 212 336  590  201  126  1  1  0  56.95  0  0  0  124
0578 954 1648  2339  1022  581  9  1  0  70.46  1  0  0  694
0579 440 785  1802  216  551  3  0  0  43.56  1  0  0  345
0580 438 624  1192  5  612  1  0  0  52.35  0  0  0  186
0581 513 680  1084  17  650  0  0  2  62.73  0  0  0  167
0582 644 930  1686  43  872  0  0  0  55.16  0  0  0  286
0583 513 752  1340  12  733  1  0  0  56.12  0  0  0  239
0584 439 578  1040  37  535  0  0  0  55.58  0  0  0  139
0585 881 1237  2355  49  1165  7  0  0  52.53  0  0  0  356
0586 1276 2668  4524  1585  1029  16  2  0  58.97  1  0  0  1392
0587 727 1149  1842  483  636  6  2  0  62.38  0  0  0  422
0588 1121 2258  3330  1646  571  13  0  0  67.81  1  0  0  1137
0589 1016 1729  2984  915  751  14  3  0  57.94  1  0  0  713
0590 1237 1688  2199  1307  351  12  0  0  76.76  1  0  0  451
0591 391 893  2323  314  548  4  0  0  38.44  1  0  0  502
0592 362 660  1183  207  443  0  0  0  55.79  0  0  0  298
0593 1076 2104  3789  1013  1023  15  1  0  55.53  1  0  0  1028
0594 1108 1591  2291  505  1051  10  1  0  69.45  1  0  0  483
0595 560 932  1697  171  733  7  0  0  54.92  1  0  0  372
0596 894 1680  2910  903  742  10  2  1  57.73  1  0  0  786
0597 946 1529  2607  614  877  6  0  0  58.65  2  0  0  583
0598 332 442  740  337  89  8  0  0  59.73  0  0  0  110
0599 2077 2955  4060  1049  1855  9  0  0  72.78  2  0  0  878
0600 1458 2249  3739  830  1363  11  0  1  60.15  1  0  0  791
0601 1822 2986  4132  2196  745  24  1  0  72.27  1  0  0  1164
0602 458 799  1123  551  239  2  1  0  71.15  0  0  0  341
0603 1173 2240  3380  1391  798  19  0  0  66.27  1  0  0  1067
0604 1029 1953  3047  1556  365  5  0  0  64.10  1  0  0  924
0605 2318 3113  4950  745  2297  13  0  0  62.89  1  0  0  795
0606 426 599  1099  15  576  2  0  0  54.50  0  0  0  173
0607 221 391  988  43  341  0  0  0  39.57  0  0  0  170
0608 223 545  1312  263  266  2  0  0  41.54  0  0  0  322
0609 1338 2258  3149  1452  749  17  3  0  71.71  2  0  0  920
0610 462 899  1969  439  439  5  0  0  45.66  0  0  0  437
0611 1213 1514  2579  29  1463  0  0  0  58.70  0  0  0  301
0612 1790 2387  3386  1756  579  21  4  0  70.50  3  0  0  597
0613 832 1484  2552  391  1058  6  1  0  58.15  0  0  0  652
0614 1700 2503  3965  886  1554  7  0  0  63.13  2  0  0  803
0615 887 1440  2106  833  568  8  0  1  68.38  3  0  1  553
0616 1404 2397  3352  1620  744  8  5  0  71.51  4  0  0  993
0617 3091 4905  7073  1970  2827  37  6  0  69.35  3  0  0  1814
0618 2304 3715  6097  1785  1834  18  0  0  60.93  3  0  0  1411
0619 2149 3075  4210  2211  820  16  0  0  73.04  1  0  0  926
0620 3017 3942  5779  1748  2105  32  2  0  68.21  1  0  0  925
0621 402 650  1204  328  300  6  0  0  53.99  2  0  0  248
0622 1128 1877  3087  1026  800  11  0  1  60.80  1  0  0  749
0623 1507 2376  3513  1522  805  10  6  1  67.63  3  0  0  869
0624 2 4  3  3  1  0  0  0  133.33  0  0  0  2
0625 860 1335  1835  771  537  7  0  1  72.75  6  0  0  475
0626 1240 1919  2825  906  971  12  1  0  67.93  1  0  0  679
0627 965 1527  2838  534  960  6  0  1  53.81  1  0  0  562
0628 330 804  1595  372  401  0  0  0  50.41  2  0  0  474
0629 208 298  568  20  267  1  0  0  52.46  1  0  0  90
0630 1517 1832  1969  153  1655  11  3  0  93.04  1  0  0  315
0631 1386 1899  2736  1340  531  5  1  0  69.41  0  0  0  513
0632 8 14  109  4  10  0  0  0  12.84  0  0  0  6
0633 1399 2283  2965  1641  613  11  1  0  77.00  0  0  0  884
0634 1157 2201  3526  1323  835  14  0  0  62.42  0  0  0  1044
0635 1405 2144  3439  1537  552  19  3  0  62.34  4  0  0  739
0636 1280 2402  3573  1996  361  16  4  0  67.23  1  0  0  1122
0637 758 1278  2557  374  869  8  0  0  49.98  0  0  0  520
0638 1512 2126  3990  132  1940  4  0  0  53.28  0  0  0  614
0639 837 1581  2571  1233  330  4  1  0  61.49  1  0  0  744
0640 1521 2453  3943  1504  892  18  1  0  62.21  2  0  0  932
0641 1098 1999  3002  1340  626  10  0  0  66.59  1  0  0  901
0642 1931 2867  3872  2077  747  8  3  0  74.04  4  0  0  936
0643 3010 4500  6913  2027  2381  19  7  1  65.09  1  0  0  1490
0644 2214 3410  4932  2106  1217  23  7  0  69.14  5  0  0  1196
0645 1673 2561  3922  1128  1372  16  2  0  65.30  2  0  0  888
0646 910 1319  2069  442  839  1  1  0  63.75  2  0  0  409
0647 1939 2776  4915  871  1817  7  0  0  56.48  0  0  0  837
0648 1335 2194  3084  1493  668  9  1  0  71.14  1  0  0  859
0649 1669 2426  4452  846  1518  5  0  0  54.49  0  0  0  757
0650 1182 2146  2828  1575  540  11  0  0  75.88  3  0  0  964
0651 2008 3204  4662  2010  1137  18  3  0  68.73  0  0  0  1196
0652 1201 1725  2483  324  1359  2  0  1  69.47  0  0  0  524
0653 0 2  0  0  2  0  0  0  0.00  0  0  0  2
0654 2176 3571  5670  1927  1580  16  0  0  62.98  3  0  0  1395
0655 2201 3894  5757  2281  1517  29  3  2  67.64  4  0  0  1693
0656 1310 1698  2752  61  1604  4  0  0  61.70  0  0  0  388
0657 2261 3138  4988  761  2318  13  0  0  62.91  1  0  0  877
0658 1081 1882  3020  1183  666  6  3  0  62.32  0  0  0  801
0659 2153 3172  4493  2232  906  12  2  0  70.60  0  0  0  1019
0660 2508 3325  4774  336  2953  5  0  0  69.65  0  0  0  817
0661 1459 2459  3793  1420  974  15  1  0  64.83  4  0  0  1000
0662 2346 3482  4844  2739  688  18  0  0  71.88  2  0  0  1136
0663 1322 2296  3366  1251  994  19  1  0  68.21  1  0  0  974
0664 675 1322  3075  375  895  5  0  0  42.99  1  0  0  647
0665 840 1326  2056  1045  251  10  5  1  64.49  0  0  0  486
0666 0 0  0  0  0  0  0  0  0.00  0  0  0  0
0667 967 1616  2222  1185  404  10  0  0  72.73  0  0  0  649
0668 771 1452  2167  913  512  9  3  0  67.01  1  0  0  681
0669 1433 2423  3276  1728  650  20  1  0  73.96  2  0  0  990
0670 1811 2293  3074  1753  489  27  1  0  74.59  1  0  0  482
0671 1132 1944  2971  1152  755  14  0  0  65.43  2  0  0  812
0672 1533 2563  3412  1662  850  17  3  0  75.12  1  0  0  1030
0673 1287 2123  3184  1648  441  5  3  0  66.68  1  0  0  836
0674 2000 2862  4047  2059  756  20  1  0  70.72  1  0  0  862
0675 0 0  0  0  0  0  0  0  0.00  0  0  0  0
0676 0 2  0  1  1  0  0  0  0.00  0  0  0  2
0677 200 422  985  148  255  6  0  0  42.84  0  0  0  222
0678 285 467  762  281  176  7  0  0  61.29  0  0  0  182
0679 1459 2217  3405  1610  569  10  1  0  65.11  3  0  0  758
0680 74 111  152  55  55  1  0  0  73.03  0  0  0  37
0681 2 3  5  1  2  0  0  0  60.00  0  0  0  1
0682 1523 2641  4217  1877  722  13  3  0  62.63  0  0  0  1118
0683 55 108  285  46  58  2  0  0  37.89  0  0  0  53
0684 52 65  101  30  34  0  0  0  64.36  1  0  0  13
0685 185 222  353  95  125  2  0  0  62.89  0  0  0  37
0686 44 82  202  19  62  0  0  0  40.59  0  0  0  38
0687 1177 1812  2463  1217  566  3  1  0  73.57  0  0  0  635
0688 1655 2307  2999  1764  512  8  1  0  76.93  1  0  0  652
0689 611 1297  2223  686  575  4  0  0  58.34  0  0  0  686
0690 1732 3142  4101  2418  687  17  0  0  76.62  1  0  0  1410
0691 4 8  28  2  6  0  0  0  28.57  0  0  0  4
0692 808 1733  2817  1182  518  18  1  0  61.52  0  0  0  925
0693 336 470  694  112  346  3  0  1  67.72  0  0  0  134
0694 421 554  797  367  176  1  0  0  69.51  0  0  0  133
0695 414 830  1805  528  285  4  0  0  45.98  1  0  0  416
0696 533 1038  2513  619  375  11  0  0  41.31  2  0  0  505
0697 1955 3056  5340  711  2287  9  0  0  57.23  0  0  0  1101
0698 1197 1793  2841  210  1552  10  0  0  63.11  0  0  0  596
0699 955 1628  2266  1019  573  13  2  0  71.84  2  0  0  673
0700 405 890  1586  687  176  5  0  0  56.12  0  0  0  485
0701 152 278  571  145  119  4  0  0  48.69  0  0  0  126
0702 167 284  580  44  236  1  0  0  48.97  0  0  0  117
0703 690 1430  2009  977  425  15  0  0  71.18  2  0  0  740
0704 1042 1828  2530  1426  368  10  0  0  72.25  1  0  0  786
0705 462 754  1592  95  643  2  0  0  47.36  0  0  0  292
0706 194 349  542  176  169  1  0  0  64.39  0  0  0  155
0707 266 420  750  240  165  5  0  0  56.00  0  0  0  154
0708 95 192  622  99  85  2  1  0  30.87  1  0  0  97
0709 2721 3906  4985  2279  1571  16  3  0  78.36  2  0  0  1185
0710 884 1468  1943  812  615  18  2  0  75.55  5  0  0  584
0711 1622 2260  3103  1337  883  10  2  0  72.83  3  0  0  638
0712 1188 1947  2656  798  1101  10  0  0  73.31  1  0  0  759
0713 744 1171  1809  621  524  7  2  0  64.73  0  0  0  427
0714 78 109  332  65  41  0  0  0  32.83  0  0  0  31
0715 460 823  1411  459  351  7  0  0  58.33  0  0  0  363
0716 899 1633  2728  1090  518  8  0  0  59.86  0  0  0  734
0717 891 1254  2102  187  1029  5  0  0  59.66  0  0  0  363
0718 1612 2889  3955  1881  964  11  0  1  73.05  2  0  0  1277
0719 557 861  1769  490  345  6  1  0  48.67  1  0  0  304
0720 1454 2368  3362  1649  665  18  1  1  70.43  0  0  0  914
0721 1279 2091  2875  1364  694  15  0  0  72.73  1  0  0  812
0722 1728 2507  4247  179  2268  7  0  0  59.03  0  0  0  779
0723 806 1139  1793  296  820  3  0  0  63.52  0  0  0  333
0724 330 525  693  337  184  2  0  0  75.76  0  0  0  195
0725 1025 1339  2290  595  719  4  0  0  58.47  0  0  0  314
0726 1092 1521  2312  1266  225  8  1  0  65.79  2  0  0  429
0727 934 1435  2276  393  1013  9  3  0  63.05  0  0  0  501
0728 351 599  971  322  259  7  2  0  61.69  0  0  0  248
0729 234 323  468  192  120  3  1  0  69.02  0  0  0  89
0730 655 1135  1551  745  357  15  1  0  73.18  3  0  0  480
0731 160 209  415  41  167  0  0  0  50.36  0  0  0  49
0732 759 1377  2030  811  524  22  1  0  67.83  2  0  0  618
0733 28 71  214  33  35  2  0  0  33.18  1  0  0  43
0734 2634 3519  4506  2366  1105  17  4  0  78.10  2  0  0  885
0735 18 20  28  16  3  0  0  0  71.43  0  0  0  2
0736 6 6  24  2  4  0  0  0  25.00  0  0  0  0
0737 18 30  55  26  4  0  0  0  54.55  0  0  0  12
0738 375 562  1100  97  452  2  2  0  51.09  1  0  0  187
0739 1061 1650  3117  713  894  9  0  0  52.94  2  0  0  589
0740 234 411  925  248  154  1  0  0  44.43  0  0  0  177
0741 0 0  0  0  0  0  0  0  0.00  0  0  0  0
0742 0 0  0  0  0  0  0  0  0.00  0  0  0  0
0743 27 58  236  29  25  0  0  0  24.58  0  0  0  31
0744 796 1418  2136  879  510  14  5  0  66.39  0  0  0  622
0745 1080 1735  2584  1055  636  14  2  1  67.14  3  0  0  655
0746 266 426  769  196  219  6  0  0  55.40  0  0  0  160
0747 1076 1946  3234  951  950  13  2  0  60.17  1  0  0  870
0748 472 841  1479  406  420  9  0  0  56.86  2  0  0  369
0749 115 195  438  44  150  1  0  0  44.52  0  0  0  80
0750 386 694  1350  368  311  5  1  0  51.41  1  0  0  308
0751 1222 2229  3283  1550  623  18  4  0  67.90  3  0  0  1007
0752 650 1012  1583  706  283  6  2  1  63.93  3  0  0  362
0753 104 187  271  128  56  1  0  0  69.00  0  0  0  83
0754 0 0  0  0  0  0  0  0  0.00  0  0  0  0
0755 863 1703  3047  666  996  8  0  0  55.89  0  0  0  840
0756 857 1220  2214  459  733  7  0  0  55.10  1  0  0  363
0757 1847 2634  4149  418  2165  8  1  0  63.49  1  0  0  787
0758 1846 2476  3238  1893  550  10  3  0  76.47  0  0  0  630
0759 1051 1700  2443  1058  615  10  3  0  69.59  1  0  0  649
0760 2323 2917  3905  2325  550  17  1  0  74.70  1  0  0  594
0761 825 1098  1426  755  323  10  0  0  77.00  1  0  0  273
0762 1 7  0  3  4  0  0  0  0.00  0  0  0  6
0763 230 543  1244  211  314  4  0  0  43.65  1  0  0  313
0764 3529 5054  6827  3041  1932  20  5  0  74.03  0  0  0  1525
0765 1442 2226  3659  853  1295  17  3  0  60.84  1  0  0  784
0766 95 195  428  52  139  0  0  0  45.56  1  0  0  100
0767 16 37  105  29  7  0  0  0  35.24  0  0  0  21
0768 2395 3609  4606  2748  807  17  2  0  78.35  3  0  0  1214
0769 71 76  76  8  67  0  0  0  100.00  0  0  0  5
0770 46 84  220  37  44  0  0  0  38.18  1  0  0  38
0771 857 1403  2547  701  664  16  1  1  55.08  0  1  0  546
0772 3035 4267  5917  3066  1136  16  4  2  72.11  1  0  0  1232
0773 1071 1485  2366  488  959  5  1  1  62.76  1  0  0  414
0774 71 99  141  8  90  0  0  0  70.21  0  0  0  28
0775 36 36  90  0  34  0  0  0  40.00  0  0  0  0
0776 1540 2448  3611  1267  1146  13  0  0  67.79  1  0  0  908
0777 83 220  798  63  148  3  0  0  27.57  0  0  0  137
0778 1 3  0  1  2  0  0  0  0.00  0  0  0  2
0779 267 475  1193  209  249  5  0  0  39.82  0  0  0  208
0780 128 262  610  136  112  3  0  0  42.95  0  0  0  134
0781 1364 2014  3749  907  1026  19  0  0  53.72  0  0  0  650
0782 738 1410  2323  815  545  18  5  0  60.70  1  0  0  672
0783 91 126  289  71  53  0  0  0  43.60  0  0  0  35
0784 439 600  1073  6  590  0  0  0  55.92  0  0  0  161
0785 65 138  296  73  61  0  0  0  46.62  1  0  0  73
0786 178 488  1447  185  284  3  0  0  33.72  2  0  0  310
0787 122 193  544  82  102  2  0  0  35.48  0  0  0  71
0788 169 228  577  72  149  1  0  0  39.51  0  0  0  59
0789 0 24  5  6  17  0  0  0  480.00  1  0  0  24
0790 1 3  8  1  2  0  0  0  37.50  0  0  0  2
0791 0 2  0  2  0  0  0  0  0.00  0  0  0  2
0792 541 976  1910  268  681  5  0  0  51.10  0  0  0  435
0793 886 1324  2653  791  499  4  0  0  49.91  0  0  0  438
0794 665 1131  2525  87  1018  1  0  0  44.79  0  0  0  466
0795 274 613  1451  229  362  4  0  0  42.25  1  0  0  339
0796 134 236  506  133  92  4  0  0  46.64  0  0  0  102
0797 0 1  0  0  1  0  0  0  0.00  0  0  0  1
0798 183 347  505  154  181  1  0  5  68.71  1  0  0  164
0799 63 81  142  12  68  1  0  0  57.04  0  0  0  18
0800 1270 2130  2912  1383  702  18  1  0  73.15  1  0  0  860
0801 174 382  792  124  247  0  0  0  48.23  0  0  0  208
0802 136 209  343  53  149  2  1  0  60.93  1  0  0  73
0803 1248 1916  2509  1387  501  13  0  0  76.37  4  0  0  668
0804 1691 2629  3763  1558  1010  17  4  0  69.86  4  0  0  938
0805 1452 2207  2925  1695  471  11  4  0  75.45  1  0  0  755
0806 0 0  0  0  0  0  0  0  0.00  0  0  0  0
0807 853 1280  2058  222  1018  10  0  0  62.20  1  0  0  427
0808 6 12  23  4  8  0  0  0  52.17  0  0  0  6
0809 32 41  105  20  21  0  0  0  39.05  0  0  0  9
0810 23 86  236  33  51  0  0  0  36.44  0  0  0  63
0811 49 142  291  36  98  3  0  0  48.80  0  0  0  93
0812 0 0  1  0  0  0  0  0  0.00  0  0  0  0
0813 2018 3119  4808  1484  1561  10  3  0  64.87  4  0  0  1101
0814 1645 2421  3855  668  1694  11  1  1  62.80  1  0  0  776
0815 0 0  0  0  0  0  0  0  0.00  0  0  0  0
0816 14 28  88  7  19  1  0  0  31.82  0  0  0  14
0817 0 0  0  0  0  0  0  0  0.00  0  0  0  0
0818 124 210  424  59  140  1  0  0  49.53  0  0  0  86
0819 109 179  239  115  62  0  0  0  74.90  0  0  0  70
0820 2 2  0  0  2  0  0  0  0.00  0  0  0  0
0821 379 572  1192  72  490  2  0  0  47.99  0  0  0  193
0822 657 924  1677  21  887  2  0  0  55.10  0  0  0  267
0823 1601 2712  4037  1468  1190  13  1  0  67.18  1  0  0  1111
0824 1156 1642  2857  423  1177  5  0  0  57.47  2  0  0  486
0825 0 0  0  0  0  0  0  0  0.00  0  0  0  0
0826 145 232  365  128  102  1  0  0  63.56  0  0  0  87
0827 142 325  1063  123  186  5  0  0  30.57  1  0  0  183
0828 985 1458  1870  1158  288  7  0  0  77.97  0  0  0  473
0829 100 119  253  27  89  1  0  0  47.04  0  0  0  19
0830 1 3  4  1  2  0  0  0  75.00  0  0  0  2
0831 0 0  0  0  0  0  0  0  0.00  0  0  0  0
0832 112 171  365  55  109  1  0  0  46.85  0  0  0  59
0833 7 11  18  0  11  0  0  0  61.11  0  0  0  4
0834 0 1  0  0  1  0  0  0  0.00  0  0  0  1
0835 94 158  325  41  113  0  0  0  48.62  0  0  0  64
0836 9 10  20  2  8  0  0  0  50.00  0  0  0  1
0837 0 1  0  1  0  0  0  0  0.00  0  0  0  1
0838 0 0  0  0  0  0  0  0  0.00  0  0  0  0
0839 386 660  1125  123  519  2  2  0  58.67  0  0  0  274
0840 729 975  1694  352  601  5  0  0  57.56  1  0  0  246
0841 0 0  0  0  0  0  0  0  0.00  0  0  0  0
0842 1045 1815  3247  829  934  12  0  1  55.90  0  0  0  770
0843 0 0  0  0  0  0  0  0  0.00  0  0  0  0
0844 4 5  13  1  4  0  0  0  38.46  0  0  0  1
0845 2 2  14  2  0  0  0  0  14.29  0  0  0  0
0846 102 144  391  10  132  0  0  0  36.83  0  0  0  42
0847 685 947  1423  288  642  1  0  0  66.55  0  0  0  262
0848 881 1316  2013  434  862  0  1  0  65.38  0  0  0  435
0849 1115 1855  3287  523  1278  5  0  1  56.43  1  0  0  740
0850 83 124  188  47  75  0  0  0  65.96  0  0  0  41
0851 1585 2633  3747  1708  862  22  4  1  70.27  3  0  0  1048
0852 6 8  19  2  6  0  0  0  42.11  0  0  0  2
0853 1233 2050  2800  1559  457  14  1  0  73.21  2  0  0  817
0854 42 137  180  9  128  0  0  0  76.11  0  0  0  95
0855 2 3  19  1  1  0  0  0  15.79  0  0  0  1
0856 0 0  0  0  0  0  0  0  0.00  0  0  0  0
0857 0 0  1  0  0  0  0  0  0.00  0  0  0  0
0858 165 182  428  3  174  0  0  0  42.52  0  0  0  17
0859 339 511  816  149  355  1  0  0  62.62  0  0  0  172
0860 0 0  0  0  0  0  0  0  0.00  0  0  0  0
0861 784 1080  1838  203  853  4  0  0  58.76  1  0  0  296
0862 0 0  0  0  0  0  0  0  0.00  0  0  0  0
0863 249 275  676  7  263  0  0  0  40.68  0  0  0  26
0864 494 1118  2501  314  786  1  0  0  44.70  1  0  0  624
0865 8 10  20  0  10  0  0  0  50.00  0  0  0  2
0866 0 0  0  0  0  0  0  0  0.00  0  0  0  0
0867 0 0  0  0  0  0  0  0  0.00  0  0  0  0
0868 595 1167  2308  345  782  7  0  0  50.56  0  0  0  572
0869 143 271  538  44  225  1  0  0  50.37  0  0  0  128
0870 1 1  0  0  1  0  0  0  0.00  0  0  0  0
0871 1 1  2  0  1  0  0  0  50.00  0  0  0  0
0872 20 25  125  16  9  0  0  0  20.00  0  0  0  5
0873 266 396  697  101  291  1  0  0  56.81  0  0  0  130
0874 1332 2358  3227  1747  565  15  1  1  73.07  0  0  0  1026