0001 724 1188  2012  59.05  0  0  1171  464
0002 775 1191  1833  64.98  0  0  1170  416
0003 1146 1797  2252  79.80  0  0  1782  651
0004 689 1215  1661  73.15  0  0  1200  526
0005 522 1066  1424  74.86  0  0  1048  544
0006 1098 2186  3638  60.09  0  0  2160  1088
0007 507 663  1087  60.99  0  0  651  156
0008 672 1139  1787  63.74  0  0  1121  467
0009 490 804  1703  47.21  0  0  792  314
0010 449 731  1761  41.51  0  0  714  282
0011 320 711  1783  39.88  0  0  687  391
0012 260 393  827  47.52  0  0  385  133
0013 1237 1787  3259  54.83  0  0  1750  550
0014 842 1445  1941  74.45  0  0  1432  603
0015 1186 2247  2815  79.82  0  0  2221  1061
0016 634 881  1668  52.82  0  0  866  247
0017 1058 1761  2611  67.45  1  0  1729  703
0018 565 1025  1320  77.65  2  0  1006  460
0019 504 809  1380  58.62  0  0  792  305
0020 785 1175  2795  42.04  0  0  1157  390
0021 396 570  996  57.23  0  0  557  174
0022 996 1529  2635  58.03  0  0  1507  533
0023 69 133  554  24.01  0  0  130  64
0024 172 316  620  50.97  0  0  314  144
0025 233 529  1185  44.64  0  0  521  296
0026 514 988  1850  53.41  0  0  949  474
0027 834 1475  3016  48.91  0  0  1439  641
0028 1249 1731  2606  66.42  0  0  1703  482
0029 385 1056  2766  38.18  0  0  1025  671
0030 731 1272  1700  74.82  1  0  1258  541
0031 984 1506  2678  56.24  0  1  1484  522
0032 957 1503  2120  70.90  0  0  1486  546
0033 1500 2319  3122  74.28  0  0  2301  819
0034 1119 1830  2580  70.93  0  0  1806  711
0035 4 4  12  33.33  0  0  4  0
0036 1002 1561  2958  52.77  0  0  1527  559
0037 771 1293  1844  70.12  0  0  1274  522
0038 1247 1949  2664  73.16  0  0  1937  702
0039 1078 1812  2572  70.45  0  0  1791  734
0040 1271 2130  2739  77.77  0  0  2108  859
0041 1040 1788  2402  74.44  0  0  1771  748
0042 471 663  1159  57.20  0  0  654  192
0043 537 914  1697  53.86  0  0  897  377
0044 433 759  2072  36.63  0  0  740  326
0045 2211 3131  5166  60.61  0  0  3069  920
0046 534 996  2551  39.04  0  0  966  462
0047 545 876  1780  49.21  0  0  872  331
0048 480 604  1029  58.70  0  0  598  124
0049 1036 1719  2873  59.83  0  0  1700  683
0050 1809 2818  3986  70.70  0  0  2793  1009
0051 588 1046  1656  63.16  0  0  1034  458
0052 850 1389  1901  73.07  0  0  1374  539
0053 1074 1928  2645  72.89  0  0  1914  854
0054 1433 2405  3262  73.73  0  0  2388  972
0055 369 650  967  67.22  0  0  640  281
0056 503 886  1306  67.84  0  0  877  383
0057 1283 2129  2975  71.56  0  0  2095  846
0058 761 1398  2253  62.05  0  0  1382  637
0059 866 1465  2163  67.73  0  0  1449  599
0060 904 1534  2205  69.57  0  0  1513  630
0061 449 1023  2430  42.10  0  0  1000  574
0062 363 942  2269  41.52  0  0  906  579
0063 578 1143  1899  60.19  1  0  1129  565
0064 313 817  2168  37.68  0  0  783  504
0065 348 874  2258  38.71  0  0  850  526
0066 192 482  1197  40.27  0  0  470  290
0067 647 1188  2687  44.21  0  0  1165  541
0068 973 1401  2576  54.39  0  0  1381  428
0069 201 525  1365  38.46  0  0  510  324
0070 1494 2272  2934  77.44  0  0  2260  778
0071 1024 1823  2813  64.81  0  0  1803  799
0072 420 944  1786  52.86  0  0  923  524
0073 480 971  1421  68.33  0  0  960  491
0074 2244 2886  3709  77.81  0  0  2863  642
0075 436 766  1293  59.24  0  0  759  330
0076 873 1503  2496  60.22  0  0  1480  630
0077 218 361  625  57.76  0  0  356  143
0078 367 724  1527  47.41  0  0  706  357
0079 441 1244  3088  40.28  0  0  1202  803
0080 1559 2178  3777  57.66  0  0  2124  619
0081 542 851  1954  43.55  0  0  824  309
0082 1238 2234  3311  67.47  0  0  2205  996
0083 2205 3193  4569  69.88  0  0  3158  988
0084 391 824  1459  56.48  0  0  814  433
0085 783 1203  1989  60.48  0  0  1190  420
0086 847 1416  2119  66.82  0  0  1393  569
0087 1301 2242  2813  79.70  3  0  2226  941
0088 202 384  754  50.93  0  0  379  182
0089 395 850  1090  77.98  0  0  838  455
0090 1306 2521  3595  70.13  0  0  2497  1215
0091 374 766  1234  62.07  0  0  753  392
0092 1047 1736  2352  73.81  0  0  1719  689
0093 661 1398  3562  39.25  0  0  1351  737
0094 112 240  571  42.03  0  0  234  128
0095 1533 2312  3015  76.68  0  0  2282  779
0096 491 699  1125  62.13  0  0  694  208
0097 1618 2879  4176  68.94  2  0  2833  1261
0098 677 1415  2341  60.44  0  0  1399  738
0099 593 970  2163  44.85  0  0  947  377
0100 429 800  1866  42.87  0  0  783  371
0101 270 468  1011  46.29  0  0  461  198
0102 482 852  2108  40.42  0  0  827  370
0103 1594 2509  3863  64.95  0  0  2476  915
0104 1061 1260  1937  65.05  0  0  1237  199
0105 506 953  2435  39.14  0  0  927  447
0106 55 83  322  25.78  0  0  82  28
0107 409 790  1830  43.17  0  0  768  381
0108 1496 2123  4159  51.05  1  0  2085  627
0109 1316 1663  2933  56.70  0  0  1636  347
0110 1783 2786  3707  75.16  0  0  2753  1003
0111 1722 2494  3128  79.73  0  0  2466  772
0112 1169 1950  2841  68.64  0  0  1927  781
0113 1051 1778  2633  67.53  0  0  1765  727
0114 1400 2065  2764  74.71  0  0  2047  665
0115 553 891  1724  51.68  0  0  876  338
0116 1446 2219  2756  80.52  0  0  2204  773
0117 431 936  2058  45.48  0  0  918  505
0118 1065 1640  2090  78.47  0  0  1622  575
0119 1661 3004  4474  67.14  0  0  2964  1343
0120 1132 1778  2971  59.85  0  0  1751  646
0121 189 417  635  65.67  0  0  408  228
0122 949 1353  2329  58.09  0  0  1337  404
0123 549 921  1338  68.83  0  0  911  372
0124 2668 3729  4303  86.66  0  0  3706  1061
0125 975 1584  2390  66.28  0  0  1566  609
0126 1252 1738  2480  70.08  1  0  1718  486
0127 665 893  1593  56.06  0  0  877  228
0128 922 1711  2234  76.59  0  0  1690  789
0129 2184 3669  5241  70.01  0  0  3619  1485
0130 1286 1868  2355  79.32  0  0  1842  582
0131 446 852  1549  55.00  0  0  832  406
0132 1241 1653  2561  64.55  0  0  1639  412
0133 1042 2060  2586  79.66  0  0  2042  1018
0134 408 865  1522  56.83  0  0  850  457
0135 1265 2054  2869  71.59  0  0  2030  789
0136 1087 1518  2325  65.29  0  0  1511  431
0137 353 599  771  77.69  0  0  594  246
0138 746 922  1880  49.04  0  0  915  176
0139 1122 1700  2266  75.02  0  0  1690  578
0140 1561 2169  3069  70.67  1  0  2145  608
0141 174 393  1034  38.01  0  0  388  219
0142 165 327  868  37.67  0  0  322  162
0143 1776 2191  2429  90.20  1  0  2176  415
0144 501 749  1259  59.49  0  0  733  248
0145 634 909  1582  57.46  0  0  892  275
0146 854 1411  1954  72.21  0  0  1399  557
0147 1321 1748  2818  62.03  0  0  1715  427
0148 1086 1917  2483  77.20  0  0  1902  831
0149 3099 4683  5947  78.75  0  0  4635  1584
0150 581 739  1137  65.00  0  0  731  158
0151 334 434  877  49.49  0  0  422  100
0152 493 1105  2814  39.27  0  0  1082  612
0153 316 759  1819  41.73  0  0  733  443
0154 578 983  2151  45.70  0  0  947  405
0155 2602 3797  5149  73.74  0  0  3758  1195
0156 1601 2158  3465  62.28  0  0  2139  557
0157 969 1304  2474  52.71  0  0  1283  335
0158 1251 1705  2868  59.45  0  0  1689  454
0159 303 517  972  53.19  0  0  507  214
0160 300 421  748  56.28  0  0  409  121
0161 539 701  1196  58.61  0  0  693  162
0162 215 514  1333  38.56  0  0  500  299
0163 605 1261  2997  42.08  0  0  1226  656
0164 595 907  1569  57.81  0  0  899  312
0165 924 1554  2354  66.02  0  0  1524  630
0166 276 544  965  56.37  0  0  531  268
0167 4 9  23  39.13  0  0  9  5
0168 199 306  584  52.40  0  0  301  107
0169 1088 1431  2636  54.29  0  0  1406  343
0170 466 829  1998  41.49  0  0  806  363
0171 519 823  1643  50.09  0  0  812  304
0172 144 322  583  55.23  0  0  317  178
0173 1492 2195  2599  84.46  0  0  2179  703
0174 1448 2406  3130  76.87  0  0  2386  958
0175 981 1798  2318  77.57  0  0  1780  817
0176 635 1189  1548  76.81  0  0  1175  554
0177 613 1079  1349  79.99  0  0  1071  466
0178 810 1410  1810  77.90  0  0  1394  600
0179 445 832  1636  50.86  0  0  806  387
0180 1016 1586  2997  52.92  0  0  1559  570
0181 339 848  2004  42.32  0  0  823  509
0182 1397 2444  3218  75.95  0  0  2411  1047
0183 1009 1930  2398  80.48  0  0  1906  921
0184 213 464  984  47.15  0  0  455  251
0185 607 1150  2062  55.77  0  0  1120  543
0186 211 436  822  53.04  0  0  429  225
0187 22 133  333  39.94  0  0  130  111
0188 236 651  1732  37.59  0  0  632  415
0189 537 1076  1679  64.09  0  0  1058  539
0190 239 686  1969  34.84  0  0  665  447
0191 205 504  1535  32.83  0  0  492  299
0192 860 1189  2272  52.33  0  0  1173  329
0193 424 675  1115  60.54  0  0  667  251
0194 668 1069  1547  69.10  0  0  1051  401
0195 648 1082  1953  55.40  0  0  1071  434
0196 143 181  370  48.92  0  0  180  38
0197 1280 1730  3185  54.32  0  0  1705  450
0198 163 326  728  44.78  0  0  317  163
0199 1439 2177  3119  69.80  0  0  2151  738
0200 1651 2298  3302  69.59  0  0  2278  647
0201 228 374  763  49.02  0  0  363  146
0202 532 793  1525  52.00  0  0  780  261
0203 201 381  921  41.37  0  0  369  180
0204 1540 2429  3371  72.06  1  0  2393  889
0205 883 1098  1658  66.22  0  0  1083  215
0206 684 1226  2582  47.48  0  1  1196  542
0207 437 731  1154  63.34  0  0  712  294
0208 860 1214  2365  51.33  0  0  1174  354
0209 0 0  0  0.00  0  0  0  0
0210 947 1397  2202  63.44  0  0  1378  450
0211 632 1281  2794  45.85  0  0  1253  649
0212 431 856  1858  46.07  0  0  843  425
0213 1481 2580  3270  78.90  0  0  2550  1099
0214 790 1317  1771  74.36  0  0  1297  527
0215 870 1639  2150  76.23  1  0  1615  769
0216 761 1178  2068  56.96  0  0  1164  417
0217 1328 2027  2632  77.01  0  0  2012  699
0218 732 1337  2352  56.85  0  0  1314  605
0219 1165 1707  2610  65.40  0  0  1688  542
0220 716 1212  2658  45.60  0  0  1193  496
0221 710 1406  2635  53.36  0  0  1366  696
0222 1107 1873  2374  78.90  0  0  1853  766
0223 1532 2178  3569  61.03  0  0  2161  646
0224 1355 2157  2875  75.03  2  0  2141  802
0225 1205 1943  3183  61.04  0  0  1914  738
0226 512 1047  2485  42.13  0  0  1023  535
0227 933 1480  1852  79.91  0  0  1461  547
0228 609 767  1099  69.79  0  0  761  158
0229 162 352  897  39.24  0  0  345  190
0230 481 645  1215  53.09  0  0  636  164
0231 476 941  2284  41.20  0  0  917  465
0232 760 1308  1705  76.72  0  0  1290  548
0233 1836 2872  3936  72.97  0  0  2850  1036
0234 1839 2889  3643  79.30  0  0  2847  1050
0235 519 767  1360  56.40  0  0  755  248
0236 811 1156  2296  50.35  0  0  1141  345
0237 828 1282  2271  56.45  0  0  1261  454
0238 649 1108  2038  54.37  0  0  1092  459
0239 810 1188  2097  56.65  0  0  1166  378
0240 1206 1562  2728  57.26  0  0  1541  356
0241 563 1098  2622  41.88  0  0  1081  535
0242 369 777  1891  41.09  0  0  761  408
0243 256 299  449  66.59  0  0  298  43
0244 1157 1837  2837  64.75  0  0  1812  680
0245 1856 2954  4334  68.16  0  0  2926  1098
0246 1226 1905  2471  77.09  0  0  1887  679
0247 439 946  1825  51.84  0  0  926  507
0248 427 762  2172  35.08  0  0  742  335
0249 1020 1559  2825  55.19  0  0  1536  539
0250 336 590  1076  54.83  0  0  580  254
0251 707 1436  2096  68.51  0  0  1419  729
0252 1225 1536  2587  59.37  0  0  1517  311
0253 867 1242  2368  52.45  0  0  1222  375
0254 202 482  1554  31.02  0  0  466  280
0255 1152 1874  2394  78.28  0  0  1855  722
0256 1177 2018  3547  56.89  0  0  1970  841
0257 585 1093  2354  46.43  0  0  1069  508
0258 1514 2504  3318  75.47  0  0  2484  990
0259 1374 1852  2643  70.07  0  0  1836  478
0260 412 669  917  72.96  0  0  660  257
0261 165 304  752  40.43  0  0  292  139
0262 1500 2414  4232  57.04  0  0  2369  914
0263 2591 4242  5218  81.30  0  0  4200  1651
0264 924 1713  3133  54.68  1  0  1685  789
0265 1882 2735  3613  75.70  0  0  2700  853
0266 664 1170  2354  49.70  0  0  1126  506
0267 340 701  1533  45.73  1  0  687  361
0268 936 1739  2294  75.81  0  0  1713  803
0269 1108 1613  1990  81.06  0  0  1600  505
0270 1368 2340  3512  66.63  0  0  2293  972
0271 1229 1634  2474  66.05  0  0  1619  405
0272 702 1193  2166  55.08  0  0  1183  491
0273 963 1861  2462  75.59  0  0  1846  898
0274 1416 2112  2892  73.03  0  0  2090  696
0275 633 1056  1693  62.37  0  0  1033  423
0276 1127 1531  2695  56.81  0  0  1495  404
0277 364 688  1593  43.19  0  0  671  324
0278 782 1438  2567  56.02  0  0  1421  656
0279 496 983  1965  50.03  0  0  970  487
0280 380 774  1757  44.05  0  0  759  394
0281 1320 2105  2658  79.19  0  0  2084  785
0282 668 1365  2059  66.29  0  0  1328  697
0283 0 0  0  0.00  0  0  0  0
0284 1373 2027  3710  54.64  0  0  1981  654
0285 984 1502  2581  58.19  0  0  1473  518
0286 2646 3169  5253  60.33  0  0  3119  523
0287 1191 1946  2676  72.72  0  0  1922  755
0288 1100 1480  2369  62.47  0  0  1460  380
0289 380 809  1561  51.83  0  0  781  429
0290 515 1023  1599  63.98  0  0  1011  508
0291 576 891  1274  69.94  1  0  883  315
0292 443 719  1366  52.64  0  0  703  276
0293 714 1281  1747  73.33  1  0  1270  567
0294 1050 1375  2352  58.46  1  0  1367  325
0295 301 558  923  60.46  0  0  551  257
0296 633 1101  1732  63.57  0  0  1076  468
0297 658 1124  2161  52.01  0  0  1099  466
0298 920 1500  2285  65.65  0  0  1466  580
0299 270 466  1187  39.26  0  0  453  196
0300 2881 3733  4471  83.49  0  0  3704  852
0301 384 955  2603  36.69  0  0  932  571
0302 671 1404  2842  49.40  0  0  1380  733
0303 1633 2512  3236  77.63  0  0  2498  879
0304 1048 1687  2311  73.00  0  0  1657  639
0305 2037 3199  4910  65.15  0  0  3132  1162
0306 937 1399  1856  75.38  0  0  1391  462
0307 1113 2172  3091  70.27  2  0  2146  1059
0308 460 707  1304  54.22  0  0  695  247
0309 1308 2038  2563  79.52  0  0  2025  730
0310 659 1055  1551  68.02  0  0  1041  396
0311 994 1710  3210  53.27  0  0  1668  716
0312 1570 2433  3901  62.37  0  0  2411  863
0313 23 28  47  59.57  0  0  28  5
0314 2430 3478  4407  78.92  2  0  3460  1048
0315 758 1344  1774  75.76  0  0  1325  586
0316 694 1143  1585  72.11  0  0  1120  449
0317 662 1044  1636  63.81  0  0  1023  382
0318 1755 2309  3371  68.50  0  0  2260  554
0319 887 1310  2171  60.34  0  0  1277  423
0320 380 748  1600  46.75  0  0  723  368
0321 413 757  2189  34.58  0  0  733  344
0322 592 960  1935  49.61  0  0  949  368
0323 552 933  1922  48.54  0  0  915  381
0324 966 1750  2300  76.09  1  0  1728  784
0325 673 982  2227  44.10  0  0  966  309
0326 171 340  706  48.16  0  0  332  169
0327 768 967  1859  52.02  0  0  947  199
0328 302 652  1556  41.90  0  0  635  350
0329 445 730  1438  50.76  0  0  714  285
0330 652 1059  2103  50.36  0  0  1038  407
0331 2 2  0  0.00  0  0  2  0
0332 23 27  148  18.24  0  0  27  4
0333 852 1988  3184  62.44  0  0  1958  1136
0334 225 319  521  61.23  0  0  316  94
0335 222 457  1244  36.74  0  0  446  235
0336 1128 1569  1918  81.80  0  0  1548  441
0337 284 745  825  90.30  0  0  731  461
0338 1761 2475  4490  55.12  0  0  2406  714
0339 423 787  1726  45.60  0  0  761  364
0340 1843 2647  3683  71.87  1  0  2615  804
0341 192 493  1216  40.54  0  0  483  301
0342 1819 2678  4172  64.19  1  0  2639  859
0343 385 897  1950  46.00  0  0  880  512
0344 398 681  1282  53.12  1  0  673  283
0345 514 885  1810  48.90  0  0  863  371
0346 2 2  2  100.00  0  0  2  0
0347 1256 1939  3397  57.08  0  0  1904  683
0348 818 1197  1975  60.61  0  0  1180  379
0349 392 837  1403  59.66  0  0  827  445
0350 1373 2133  2940  72.55  0  0  2110  760
0351 2541 3416  4649  73.48  0  0  3388  875
0352 1124 1861  3383  55.01  0  0  1841  737
0353 1611 2215  3668  60.39  0  0  2177  604
0354 1564 2054  3167  64.86  0  0  2028  490
0355 538 774  1049  73.78  0  0  759  236
0356 1394 2145  2981  71.96  0  1  2116  751
0357 1713 2462  3444  71.49  0  0  2426  749
0358 1343 2039  3650  55.86  0  0  2013  696
0359 976 1519  3420  44.42  0  0  1494  543
0360 1140 1695  2312  73.31  2  0  1683  555
0361 247 880  1650  53.33  1  0  877  633
0362 2385 3824  5495  69.59  1  0  3765  1439
0363 1345 2082  3278  63.51  0  0  2059  737
0364 884 1577  2631  59.94  0  0  1551  693
0365 827 1037  1336  77.62  0  0  1025  210
0366 465 861  1786  48.21  0  0  840  396
0367 345 518  986  52.54  0  0  510  173
0368 417 523  882  59.30  0  0  515  106
0369 94 152  450  33.78  0  0  147  58
0370 2751 3770  4879  77.27  0  0  3733  1019
0371 199 261  381  68.50  0  0  255  62
0372 547 775  1222  63.42  0  0  765  228
0373 75 93  165  56.36  0  0  91  18
0374 154 349  776  44.97  0  0  341  195
0375 598 1118  2831  39.49  0  0  1096  520
0376 784 1177  2314  50.86  0  0  1150  393
0377 990 1914  3179  60.21  0  0  1892  924
0378 486 1151  1915  60.10  0  0  1135  665
0379 826 1253  2046  61.24  0  0  1236  427
0380 2345 3428  4167  82.27  2  0  3391  1083
0381 984 1427  2787  51.20  0  0  1400  443
0382 224 429  781  54.93  0  0  420  205
0383 1002 1684  3421  49.23  0  0  1655  682
0384 1262 1734  2647  65.51  0  0  1713  472
0385 1089 1775  2203  80.57  0  0  1763  686
0386 1355 1889  2847  66.35  0  0  1871  534
0387 1152 2087  3754  55.59  0  0  2057  935
0388 2083 2928  3561  82.22  0  0  2907  845
0389 288 495  730  67.81  0  0  494  207
0390 894 1207  1619  74.55  0  0  1190  313
0391 846 1353  1858  72.82  0  0  1344  507
0392 773 999  1590  62.83  0  0  986  226
0393 393 780  1457  53.53  0  0  774  387
0394 147 350  973  35.97  0  0  336  203
0395 815 1338  1791  74.71  0  0  1327  523
0396 1182 1429  2214  64.54  0  0  1418  247
0397 171 348  810  42.96  0  0  338  177
0398 1540 2442  3798  64.30  0  0  2415  902
0399 912 1520  2627  57.86  0  0  1495  608
0400 773 1121  1551  72.28  0  0  1109  348
0401 786 1095  2021  54.18  0  0  1080  309
0402 1205 1539  2370  64.94  0  0  1520  334
0403 839 1360  1695  80.24  0  0  1344  521
0404 818 1404  2770  50.69  0  0  1374  586
0405 0 4  0  0.00  0  0  4  4
0406 291 410  665  61.65  0  0  404  119
0407 1341 2382  3763  63.30  0  0  2345  1041
0408 177 368  1048  35.11  0  0  359  191
0409 424 806  2161  37.30  0  0  775  382
0410 304 406  863  47.05  0  0  398  102
0411 535 1003  2493  40.23  0  0  970  468
0412 160 235  412  57.04  0  0  232  75
0413 1615 2051  3053  67.18  2  0  2013  436
0414 1477 2168  3789  57.22  0  0  2137  691
0415 849 1612  2212  72.88  0  0  1594  763
0416 1203 2289  3970  57.66  2  0  2270  1086
0417 905 1569  2631  59.64  0  0  1546  664
0418 1125 1941  3630  53.47  2  0  1909  816
0419 1083 1728  3048  56.69  0  0  1701  645
0420 1917 3258  4668  69.79  0  0  3224  1341
0421 195 304  541  56.19  0  0  303  109
0422 1415 2016  3430  58.78  0  0  1994  601
0423 180 493  956  51.57  0  0  481  313
0424 285 418  748  55.88  0  0  411  133
0425 287 511  941  54.30  0  0  503  224
0426 457 738  1300  56.77  0  0  724  281
0427 363 630  1149  54.83  0  0  610  267
0428 1563 2296  4089  56.15  0  0  2237  733
0429 1440 2171  3920  55.38  0  0  2124  731
0430 469 814  1633  49.85  0  0  793  345
0431 900 1518  3453  43.96  0  0  1469  618
0432 307 605  1520  39.80  0  0  597  298
0433 187 313  635  49.29  0  0  306  126
0434 583 1048  1401  74.80  0  0  1037  465
0435 1401 2237  2948  75.88  0  0  2205  836
0436 1297 2190  3171  69.06  0  0  2169  893
0437 886 1539  2080  73.99  0  0  1509  653
0438 919 1388  1791  77.50  0  0  1376  469
0439 1388 2410  3252  74.11  0  0  2393  1022
0440 1198 2202  2884  76.35  0  0  2189  1004
0441 679 1212  1627  74.49  0  0  1204  533
0442 1254 1941  2560  75.82  0  0  1927  687
0443 329 478  595  80.34  0  0  476  149
0444 1137 1977  3281  60.26  1  0  1941  840
0445 893 1366  2042  66.90  0  0  1343  473
0446 59 101  257  39.30  0  0  100  42
0447 221 325  470  69.15  0  0  322  104
0448 1328 2369  3472  68.23  0  0  2340  1041
0449 18 33  9  366.67  0  0  33  15
0450 1036 1612  3190  50.53  0  0  1585  576
0451 1431 2143  2767  77.45  0  0  2113  712
0452 807 1700  2702  62.92  0  0  1670  893
0453 643 1056  1938  54.49  0  0  1030  413
0454 1257 1581  2654  59.57  0  0  1563  324
0455 740 1017  1778  57.20  0  0  1002  277
0456 1178 1777  3145  56.50  0  0  1757  599
0457 0 1  0  0.00  0  0  1  1
0458 894 1170  1906  61.39  1  0  1150  276
0459 1725 2218  3064  72.39  0  0  2199  493
0460 1171 1540  2234  68.93  0  0  1513  369
0461 1869 2620  3465  75.61  0  0  2568  751
0462 1471 2278  3221  70.72  0  0  2254  807
0463 991 1535  2393  64.15  0  0  1504  544
0464 712 1492  2247  66.40  0  0  1466  780
0465 1721 2336  3550  65.80  1  0  2308  615
0466 1934 2760  3915  70.50  2  0  2725  826
0467 623 924  1765  52.35  0  0  908  301
0468 1272 2128  3807  55.90  0  0  2097  856
0469 1994 2663  3654  72.88  0  0  2639  669
0470 388 811  1453  55.82  0  0  795  423
0471 684 1341  2376  56.44  0  0  1320  657
0472 401 761  1066  71.39  0  0  753  360
0473 900 1477  1909  77.37  1  0  1460  577
0474 1060 2071  3186  65.00  0  0  2035  1011
0475 443 876  1394  62.84  0  0  860  433
0476 874 1624  2614  62.13  2  1  1607  750
0477 1156 2122  3031  70.01  0  0  2100  966
0478 1792 2782  3997  69.60  0  0  2753  990
0479 1187 1953  2660  73.42  0  0  1936  766
0480 1578 2490  3581  69.53  0  0  2464  912
0481 1435 2341  3370  69.47  0  0  2309  906
0482 1598 2864  4187  68.40  0  0  2826  1266
0483 1891 2804  4310  65.06  0  0  2773  913
0484 1923 3143  4353  72.20  0  0  3105  1220
0485 2313 3478  4760  73.07  1  0  3441  1165
0486 2473 3814  5241  72.77  2  0  3793  1341
0487 1087 1587  3147  50.43  0  0  1545  500
0488 782 1219  2017  60.44  0  0  1199  437
0489 877 1235  1917  64.42  0  0  1204  358
0490 1289 1845  2948  62.58  1  0  1821  556
0491 637 1243  1947  63.84  0  0  1229  606
0492 1191 1764  2606  67.69  0  0  1748  573
0493 845 1327  1812  73.23  0  0  1308  482
0494 1204 1714  3193  53.68  1  0  1669  510
0495 1052 1643  2175  75.54  1  0  1636  591
0496 511 1083  2057  52.65  0  0  1063  572
0497 1124 1439  2358  61.03  0  0  1415  315
0498 861 1377  2230  61.75  1  0  1356  516
0499 1257 1823  2270  80.31  0  0  1804  566
0500 1272 2203  3177  69.34  0  0  2176  931
0501 586 988  1469  67.26  0  0  978  402
0502 740 1434  2367  60.58  0  0  1418  694
0503 475 734  1415  51.87  0  0  716  259
0504 1036 1697  2238  75.83  0  0  1680  661
0505 1276 2168  3939  55.04  1  0  2114  892
0506 1578 2264  3254  69.58  0  0  2238  686
0507 674 1064  2738  38.86  0  0  1038  390
0508 1212 1747  3057  57.15  0  0  1692  535
0509 1298 2168  3145  68.93  0  0  2123  870
0510 1574 2373  3400  69.79  0  0  2346  799
0511 0 0  0  0.00  0  0  0  0
0512 1422 2561  4464  57.37  0  0  2514  1139
0513 1380 2156  2792  77.22  0  0  2133  776
0514 1574 2618  3844  68.11  1  0  2586  1044
0515 1274 2328  3043  76.50  0  0  2308  1054
0516 2040 3186  4576  69.62  0  0  3144  1146
0517 1195 1915  3468  55.22  1  0  1867  720
0518 1498 2562  3774  67.89  0  0  2532  1064
0519 1224 1992  3004  66.31  0  0  1974  768
0520 1496 2176  3735  58.26  0  0  2146  680
0521 2118 3498  5455  64.12  0  0  3419  1380
0522 1498 2377  3367  70.60  0  0  2343  879
0523 1297 2108  3161  66.69  0  1  2074  811
0524 1439 2080  3453  60.24  0  0  2040  641
0525 1450 1974  2975  66.35  0  0  1940  524
0526 160 324  747  43.37  0  0  316  164
0527 71 169  575  29.39  0  0  166  98
0528 35 55  111  49.55  0  0  54  20
0529 1832 2404  3759  63.95  0  0  2370  572
0530 240 469  1234  38.01  0  0  462  229
0531 522 735  1059  69.41  0  0  722  213
0532 465 677  1090  62.11  0  0  662  212
0533 336 584  1169  49.96  0  0  570  248
0534 1645 2488  4058  61.31  0  0  2446  843
0535 71 153  418  36.60  0  0  149  82
0536 1267 2347  3792  61.89  0  0  2298  1080
0537 1222 2077  2710  76.64  0  0  2054  855
0538 451 721  1296  55.63  0  0  700  270
0539 35 46  59  77.97  0  0  45  11
0540 757 1110  1427  77.79  1  0  1098  353
0541 1971 2698  3894  69.29  0  0  2668  727
0542 1467 2222  3747  59.30  0  0  2180  755
0543 304 661  1565  42.24  0  0  642  357
0544 96 161  337  47.77  0  0  156  65
0545 1611 2592  3723  69.62  1  0  2553  981
0546 4 7  42  16.67  0  0  7  3
0547 896 1562  2458  63.55  0  0  1528  666
0548 831 1334  2220  60.09  0  0  1310  503
0549 1035 1568  2497  62.80  0  0  1539  533
0550 1546 2447  4174  58.62  0  0  2408  901
0551 3064 5204  6418  81.08  2  0  5157  2140
0552 1446 2614  3461  75.53  0  0  2599  1168
0553 1428 2328  4089  56.93  0  0  2282  900
0554 603 983  1899  51.76  0  0  951  380
0555 662 1115  2285  48.80  0  0  1095  453
0556 903 1358  2772  48.99  0  0  1331  455
0557 1569 2243  4260  52.65  0  0  2182  674
0558 1690 2448  3882  63.06  1  0  2401  758
0559 1491 2115  3237  65.34  0  0  2076  624
0560 147 475  1204  39.45  0  0  455  328
0561 743 1575  3207  49.11  0  0  1546  832
0562 191 325  679  47.86  0  0  321  134
0563 1772 2244  3133  71.62  1  0  2219  472
0564 1640 2310  3394  68.06  3  0  2294  670
0565 1065 1586  3373  47.02  0  0  1568  521
0566 1219 1813  3089  58.69  0  0  1779  594
0567 761 1185  2507  47.27  0  0  1163  424
0568 1526 2575  3573  72.07  0  0  2552  1049
0569 1235 2188  3162  69.20  0  0  2161  953
0570 607 1072  1649  65.01  0  0  1061  465
0571 268 566  1832  30.90  0  0  551  298
0572 1353 1954  2930  66.69  1  0  1919  601
0573 596 919  1679  54.73  0  0  905  323
0574 91 163  396  41.16  0  0  159  72
0575 26 51  88  57.95  0  0  50  25
0576 1135 1610  2766  58.21  0  0  1588  475
0577 212 336  590  56.95  0  0  329  124
0578 954 1648  2339  70.46  0  0  1614  694
0579 440 785  1802  43.56  0  0  771  345
0580 438 624  1192  52.35  0  0  618  186
0581 513 680  1084  62.73  0  0  669  167
0582 644 930  1686  55.16  0  0  915  286
0583 513 752  1340  56.12  0  0  746  239
0584 439 578  1040  55.58  0  0  572  139
0585 881 1237  2355  52.53  0  0  1221  356
0586 1276 2668  4524  58.97  0  0  2633  1392
0587 727 1149  1842  62.38  0  0  1127  422
0588 1121 2258  3330  67.81  0  0  2231  1137
0589 1016 1729  2984  57.94  1  0  1685  713
0590 1237 1688  2199  76.76  0  0  1671  451
0591 391 893  2323  38.44  0  0  867  502
0592 362 660  1183  55.79  0  0  650  298
0593 1076 2104  3789  55.53  1  0  2054  1028
0594 1108 1591  2291  69.45  0  0  1568  483
0595 560 932  1697  54.92  0  0  912  372
0596 894 1680  2910  57.73  0  0  1659  786
0597 946 1529  2607  58.65  2  0  1501  583
0598 332 442  740  59.73  0  0  434  110
0599 2077 2955  4060  72.78  0  0  2915  878
0600 1458 2249  3739  60.15  0  0  2206  791
0601 1822 2986  4132  72.27  1  0  2968  1164
0602 458 799  1123  71.15  1  0  794  341
0603 1173 2240  3380  66.27  0  0  2209  1067
0604 1029 1953  3047  64.10  1  0  1928  924
0605 2318 3113  4950  62.89  0  0  3056  795
0606 426 599  1099  54.50  0  0  593  173
0607 221 391  988  39.57  0  0  384  170
0608 223 545  1312  41.54  0  0  531  322
0609 1338 2258  3149  71.71  0  0  2223  920
0610 462 899  1969  45.66  0  0  883  437
0611 1213 1514  2579  58.70  0  0  1492  301
0612 1790 2387  3386  70.50  0  0  2363  597
0613 832 1484  2552  58.15  0  0  1456  652
0614 1700 2503  3965  63.13  0  0  2449  803
0615 887 1440  2106  68.38  0  1  1415  553
0616 1404 2397  3352  71.51  1  0  2382  993
0617 3091 4905  7073  69.35  0  0  4843  1814
0618 2304 3715  6097  60.93  0  0  3640  1411
0619 2149 3075  4210  73.04  2  0  3050  926
0620 3017 3942  5779  68.21  0  0  3888  925
0621 402 650  1204  53.99  0  0  636  248
0622 1128 1877  3087  60.80  0  0  1839  749
0623 1507 2376  3513  67.63  0  0  2347  869
0624 2 4  3  133.33  0  0  4  2
0625 860 1335  1835  72.75  0  0  1322  475
0626 1240 1919  2825  67.93  0  0  1891  679
0627 965 1527  2838  53.81  0  0  1502  562
0628 330 804  1595  50.41  0  0  775  474
0629 208 298  568  52.46  0  0  289  90
0630 1517 1832  1969  93.04  0  0  1823  315
0631 1386 1899  2736  69.41  0  0  1877  513
0632 8 14  109  12.84  0  0  14  6
0633 1399 2283  2965  77.00  0  0  2266  884
0634 1157 2201  3526  62.42  0  0  2172  1044
0635 1405 2144  3439  62.34  0  0  2115  739
0636 1280 2402  3573  67.23  0  0  2378  1122
0637 758 1278  2557  49.98  0  0  1251  520
0638 1512 2126  3990  53.28  1  0  2077  614
0639 837 1581  2571  61.49  0  0  1569  744
0640 1521 2453  3943  62.21  0  0  2417  932
0641 1098 1999  3002  66.59  0  0  1977  901
0642 1931 2867  3872  74.04  0  0  2839  936
0643 3010 4500  6913  65.09  1  0  4437  1490
0644 2214 3410  4932  69.14  1  0  3359  1196
0645 1673 2561  3922  65.30  0  0  2520  888
0646 910 1319  2069  63.75  0  0  1285  409
0647 1939 2776  4915  56.48  0  0  2695  837
0648 1335 2194  3084  71.14  0  0  2172  859
0649 1669 2426  4452  54.49  0  0  2369  757
0650 1182 2146  2828  75.88  0  0  2129  964
0651 2008 3204  4662  68.73  0  0  3168  1196
0652 1201 1725  2483  69.47  0  0  1686  524
0653 0 2  0  0.00  0  0  2  2
0654 2176 3571  5670  62.98  0  0  3526  1395
0655 2201 3894  5757  67.64  0  1  3837  1693
0656 1310 1698  2752  61.70  0  0  1669  388
0657 2261 3138  4988  62.91  0  0  3093  877
0658 1081 1882  3020  62.32  0  0  1858  801
0659 2153 3172  4493  70.60  0  0  3152  1019
0660 2508 3325  4774  69.65  0  0  3294  817
0661 1459 2459  3793  64.83  0  0  2414  1000
0662 2346 3482  4844  71.88  1  0  3448  1136
0663 1322 2296  3366  68.21  0  0  2266  974
0664 675 1322  3075  42.99  0  0  1276  647
0665 840 1326  2056  64.49  0  0  1312  486
0666 0 0  0  0.00  0  0  0  0
0667 967 1616  2222  72.73  0  0  1599  649
0668 771 1452  2167  67.01  0  0  1438  681
0669 1433 2423  3276  73.96  0  0  2401  990
0670 1811 2293  3074  74.59  0  0  2271  482
0671 1132 1944  2971  65.43  0  0  1923  812
0672 1533 2563  3412  75.12  0  0  2533  1030
0673 1287 2123  3184  66.68  0  0  2098  836
0674 2000 2862  4047  70.72  0  0  2837  862
0675 0 0  0  0.00  0  0  0  0
0676 0 2  0  0.00  0  0  2  2
0677 200 422  985  42.84  0  0  409  222
0678 285 467  762  61.29  0  0  464  182
0679 1459 2217  3405  65.11  0  0  2193  758
0680 74 111  152  73.03  0  0  111  37
0681 2 3  5  60.00  0  0  3  1
0682 1523 2641  4217  62.63  0  0  2615  1118
0683 55 108  285  37.89  0  0  106  53
0684 52 65  101  64.36  0  0  65  13
0685 185 222  353  62.89  0  0  222  37
0686 44 82  202  40.59  0  0  81  38
0687 1177 1812  2463  73.57  1  0  1788  635
0688 1655 2307  2999  76.93  0  0  2286  652
0689 611 1297  2223  58.34  0  0  1265  686
0690 1732 3142  4101  76.62  0  0  3123  1410
0691 4 8  28  28.57  0  0  8  4
0692 808 1733  2817  61.52  1  0  1720  925
0693 336 470  694  67.72  0  0  462  134
0694 421 554  797  69.51  0  0  544  133
0695 414 830  1805  45.98  0  0  818  416
0696 533 1038  2513  41.31  0  0  1007  505
0697 1955 3056  5340  57.23  0  0  3007  1101
0698 1197 1793  2841  63.11  0  0  1772  596
0699 955 1628  2266  71.84  0  0  1609  673
0700 405 890  1586  56.12  0  0  868  485
0701 152 278  571  48.69  0  0  268  126
0702 167 284  580  48.97  0  0  281  117
0703 690 1430  2009  71.18  0  0  1419  740
0704 1042 1828  2530  72.25  0  0  1805  786
0705 462 754  1592  47.36  0  0  740  292
0706 194 349  542  64.39  0  0  346  155
0707 266 420  750  56.00  0  0  410  154
0708 95 192  622  30.87  0  0  188  97
0709 2721 3906  4985  78.36  0  0  3871  1185
0710 884 1468  1943  75.55  1  0  1453  584
0711 1622 2260  3103  72.83  0  0  2235  638
0712 1188 1947  2656  73.31  1  0  1911  759
0713 744 1171  1809  64.73  0  0  1154  427
0714 78 109  332  32.83  0  0  106  31
0715 460 823  1411  58.33  0  0  817  363
0716 899 1633  2728  59.86  0  0  1616  734
0717 891 1254  2102  59.66  0  0  1221  363
0718 1612 2889  3955  73.05  0  0  2859  1277
0719 557 861  1769  48.67  0  0  843  304
0720 1454 2368  3362  70.43  0  0  2334  914
0721 1279 2091  2875  72.73  0  0  2074  812
0722 1728 2507  4247  59.03  0  0  2454  779
0723 806 1139  1793  63.52  0  0  1119  333
0724 330 525  693  75.76  0  0  523  195
0725 1025 1339  2290  58.47  0  0  1318  314
0726 1092 1521  2312  65.79  0  0  1502  429
0727 934 1435  2276  63.05  0  0  1418  501
0728 351 599  971  61.69  0  0  590  248
0729 234 323  468  69.02  0  0  316  89
0730 655 1135  1551  73.18  1  0  1122  480
0731 160 209  415  50.36  0  0  208  49
0732 759 1377  2030  67.83  1  0  1361  618
0733 28 71  214  33.18  0  0  71  43
0734 2634 3519  4506  78.10  0  0  3494  885
0735 18 20  28  71.43  0  0  19  2
0736 6 6  24  25.00  0  0  6  0
0737 18 30  55  54.55  0  0  30  12
0738 375 562  1100  51.09  0  0  554  187
0739 1061 1650  3117  52.94  0  0  1618  589
0740 234 411  925  44.43  0  0  403  177
0741 0 0  0  0.00  0  0  0  0
0742 0 0  0  0.00  0  0  0  0
0743 27 58  236  24.58  0  0  54  31
0744 796 1418  2136  66.39  0  0  1408  622
0745 1080 1735  2584  67.14  0  0  1711  655
0746 266 426  769  55.40  1  0  422  160
0747 1076 1946  3234  60.17  2  0  1919  870
0748 472 841  1479  56.86  0  0  837  369
0749 115 195  438  44.52  0  0  195  80
0750 386 694  1350  51.41  0  0  686  308
0751 1222 2229  3283  67.90  0  0  2198  1007
0752 650 1012  1583  63.93  0  0  1001  362
0753 104 187  271  69.00  0  0  185  83
0754 0 0  0  0.00  0  0  0  0
0755 863 1703  3047  55.89  0  0  1670  840
0756 857 1220  2214  55.10  0  0  1200  363
0757 1847 2634  4149  63.49  0  0  2593  787
0758 1846 2476  3238  76.47  0  0  2456  630
0759 1051 1700  2443  69.59  0  0  1687  649
0760 2323 2917  3905  74.70  0  0  2894  594
0761 825 1098  1426  77.00  0  0  1089  273
0762 1 7  0  0.00  0  0  7  6
0763 230 543  1244  43.65  0  0  530  313
0764 3529 5054  6827  74.03  0  0  4998  1525
0765 1442 2226  3659  60.84  0  1  2170  784
0766 95 195  428  45.56  0  0  192  100
0767 16 37  105  35.24  0  0  36  21
0768 2395 3609  4606  78.35  0  0  3577  1214
0769 71 76  76  100.00  0  0  75  5
0770 46 84  220  38.18  0  0  82  38
0771 857 1403  2547  55.08  0  0  1384  546
0772 3035 4267  5917  72.11  1  0  4226  1232
0773 1071 1485  2366  62.76  0  0  1455  414
0774 71 99  141  70.21  0  0  98  28
0775 36 36  90  40.00  0  0  34  0
0776 1540 2448  3611  67.79  2  0  2429  908
0777 83 220  798  27.57  0  0  214  137
0778 1 3  0  0.00  0  0  3  2
0779 267 475  1193  39.82  0  0  463  208
0780 128 262  610  42.95  0  0  251  134
0781 1364 2014  3749  53.72  0  0  1952  650
0782 738 1410  2323  60.70  2  0  1386  672
0783 91 126  289  43.60  0  0  124  35
0784 439 600  1073  55.92  0  0  596  161
0785 65 138  296  46.62  0  0  135  73
0786 178 488  1447  33.72  0  0  474  310
0787 122 193  544  35.48  0  0  186  71
0788 169 228  577  39.51  0  0  222  59
0789 0 24  5  480.00  0  0  24  24
0790 1 3  8  37.50  0  0  3  2
0791 0 2  0  0.00  0  0  2  2
0792 541 976  1910  51.10  0  0  954  435
0793 886 1324  2653  49.91  0  0  1294  438
0794 665 1131  2525  44.79  0  0  1106  466
0795 274 613  1451  42.25  0  0  596  339
0796 134 236  506  46.64  0  0  229  102
0797 0 1  0  0.00  0  0  1  1
0798 183 347  505  68.71  0  0  342  164
0799 63 81  142  57.04  0  0  81  18
0800 1270 2130  2912  73.15  0  0  2105  860
0801 174 382  792  48.23  0  0  371  208
0802 136 209  343  60.93  0  0  206  73
0803 1248 1916  2509  76.37  0  0  1905  668
0804 1691 2629  3763  69.86  0  0  2593  938
0805 1452 2207  2925  75.45  1  0  2183  755
0806 0 0  0  0.00  0  0  0  0
0807 853 1280  2058  62.20  0  0  1251  427
0808 6 12  23  52.17  0  0  12  6
0809 32 41  105  39.05  0  0  41  9
0810 23 86  236  36.44  0  0  84  63
0811 49 142  291  48.80  0  0  137  93
0812 0 0  1  0.00  0  0  0  0
0813 2018 3119  4808  64.87  0  0  3062  1101
0814 1645 2421  3855  62.80  0  0  2376  776
0815 0 0  0  0.00  0  0  0  0
0816 14 28  88  31.82  0  0  27  14
0817 0 0  0  0.00  0  0  0  0
0818 124 210  424  49.53  0  0  200  86
0819 109 179  239  74.90  0  0  177  70
0820 2 2  0  0.00  0  0  2  0
0821 379 572  1192  47.99  0  0  564  193
0822 657 924  1677  55.10  0  0  910  267
0823 1601 2712  4037  67.18  0  0  2673  1111
0824 1156 1642  2857  57.47  0  0  1607  486
0825 0 0  0  0.00  0  0  0  0
0826 145 232  365  63.56  0  0  231  87
0827 142 325  1063  30.57  0  0  315  183
0828 985 1458  1870  77.97  0  0  1453  473
0829 100 119  253  47.04  0  0  117  19
0830 1 3  4  75.00  0  0  3  2
0831 0 0  0  0.00  0  0  0  0
0832 112 171  365  46.85  0  0  165  59
0833 7 11  18  61.11  0  0  11  4
0834 0 1  0  0.00  0  0  1  1
0835 94 158  325  48.62  0  0  154  64
0836 9 10  20  50.00  0  0  10  1
0837 0 1  0  0.00  0  0  1  1
0838 0 0  0  0.00  0  0  0  0
0839 386 660  1125  58.67  0  0  646  274
0840 729 975  1694  57.56  0  0  959  246
0841 0 0  0  0.00  0  0  0  0
0842 1045 1815  3247  55.90  0  0  1776  770
0843 0 0  0  0.00  0  0  0  0
0844 4 5  13  38.46  0  0  5  1
0845 2 2  14  14.29  0  0  2  0
0846 102 144  391  36.83  0  0  142  42
0847 685 947  1423  66.55  0  0  931  262
0848 881 1316  2013  65.38  0  0  1297  435
0849 1115 1855  3287  56.43  1  0  1809  740
0850 83 124  188  65.96  0  0  122  41
0851 1585 2633  3747  70.27  0  0  2600  1048
0852 6 8  19  42.11  0  0  8  2
0853 1233 2050  2800  73.21  0  0  2033  817
0854 42 137  180  76.11  0  0  137  95
0855 2 3  19  15.79  0  0  2  1
0856 0 0  0  0.00  0  0  0  0
0857 0 0  1  0.00  0  0  0  0
0858 165 182  428  42.52  0  0  177  17
0859 339 511  816  62.62  0  0  505  172
0860 0 0  0  0.00  0  0  0  0
0861 784 1080  1838  58.76  0  0  1061  296
0862 0 0  0  0.00  0  0  0  0
0863 249 275  676  40.68  1  0  271  26
0864 494 1118  2501  44.70  0  0  1102  624
0865 8 10  20  50.00  0  0  10  2
0866 0 0  0  0.00  0  0  0  0
0867 0 0  0  0.00  0  0  0  0
0868 595 1167  2308  50.56  0  0  1134  572
0869 143 271  538  50.37  0  0  270  128
0870 1 1  0  0.00  0  0  1  0
0871 1 1  2  50.00  0  0  1  0
0872 20 25  125  20.00  0  0  25  5
0873 266 396  697  56.81  0  0  393  130
0874 1332 2358  3227  73.07  0  0  2329  1026