1001 57 93  0  0  27  0  66  0  0.00  0  93  36
1002 111 185  0  0  72  1  111  0  0.00  0  184  74
2003 130 369  0  1  199  0  165  2  0.00  0  367  239
1004 262 545  0  1  290  1  246  2  0.00  1  541  283
1005 49 88  0  0  7  0  81  0  0.00  0  88  39
4006 37 87  0  0  34  0  53  0  0.00  0  87  50
2007 210 465  0  1  226  0  232  4  0.00  0  463  255
1008 60 157  0  0  16  0  141  0  0.00  0  157  97
1009 125 261  0  1  172  0  85  2  0.00  0  260  136
1010 68 120  0  0  22  0  96  0  0.00  0  118  52
1011 90 215  0  0  76  0  138  0  0.00  0  214  125
1012 233 545  0  0  215  0  323  3  0.00  0  541  312
1013 654 1077  0  1  219  1  844  4  0.00  1  1070  423
1014 47 158  0  0  126  0  31  0  0.00  0  157  111
1015 13 93  0  0  62  0  31  0  0.00  0  93  80
4016 111 386  0  0  209  0  172  5  0.00  0  386  275
4017 174 591  0  1  312  0  276  0  0.00  1  590  417
4018 65 216  0  0  165  0  51  0  0.00  0  216  151
1019 65 199  0  0  85  0  113  1  0.00  0  199  134
4020 178 336  0  0  237  2  90  3  0.00  1  333  158
1021 252 553  0  1  299  1  249  2  0.00  0  552  301
1022 125 345  0  0  180  0  161  3  0.00  0  344  220
1023 270 622  0  1  346  2  267  3  0.00  0  619  352
1024 197 484  0  0  267  0  211  5  0.00  0  483  287
1025 247 565  0  0  226  0  330  3  0.00  0  559  318
2026 229 490  0  0  283  2  201  3  0.00  0  489  261
2027 105 321  0  0  141  1  177  1  0.00  0  320  216
2028 113 248  0  1  137  1  108  1  0.00  0  248  135
2029 208 553  0  0  355  0  194  3  0.00  0  552  345
2030 363 707  0  0  170  0  531  2  0.00  1  704  344
2031 382 754  0  0  182  0  568  1  0.00  0  751  372
3032 143 293  0  2  170  0  119  2  0.00  0  293  150
2033 144 286  0  0  170  0  114  1  0.00  0  285  142
1034 169 519  0  0  333  0  183  2  0.00  0  518  350
3035 322 646  0  0  316  1  325  2  0.00  0  644  324
3036 144 365  0  0  227  1  131  4  0.00  0  363  221
3037 244 543  0  1  299  0  239  4  0.00  0  543  299
3038 228 478  0  0  236  0  241  1  0.00  0  478  250
3039 184 477  0  0  249  1  225  0  0.00  1  476  293
3040 92 228  0  0  126  0  99  2  0.00  0  227  136
3041 141 361  0  1  209  0  147  1  0.00  0  358  220
4042 94 261  0  0  187  0  71  3  0.00  0  261  167
3043 100 372  0  1  158  0  211  1  0.00  0  371  272
4044 131 390  0  0  238  1  148  1  0.00  0  388  259
4045 167 405  0  1  213  1  187  2  0.00  0  404  238
4046 236 493  0  0  315  1  170  4  0.00  0  490  257
4047 116 349  0  1  239  0  102  3  0.00  0  345  233
4048 58 180  0  0  136  0  44  0  0.00  0  180  122
3049 152 366  0  0  197  1  164  2  0.00  0  364  214
4050 149 349  0  0  122  1  223  1  0.00  0  347  200
4051 26 67  0  0  52  0  14  1  0.00  0  67  41
2052 200 447  0  0  211  0  234  1  0.00  0  446  247
4053 70 186  0  1  114  0  69  1  0.00  0  185  116
3054 230 548  0  0  274  1  269  2  0.00  0  546  318
2055 221 449  0  0  210  1  234  2  0.00  1  448  228
1056 22 54  0  0  12  0  41  0  0.00  0  53  32
4057 66 186  0  1  70  0  114  0  0.00  0  185  120
1058 107 177  0  0  14  0  158  1  0.00  0  173  70
1059 89 140  0  0  15  0  123  1  0.00  0  139  51
4060 89 439  0  2  227  0  207  1  0.00  0  437  350
1061 20 67  0  0  11  0  56  0  0.00  0  67  47
1062 90 292  0  0  152  0  137  2  0.00  0  291  202
3063 245 582  0  0  330  0  249  3  0.00  0  582  337
4064 0 0  0  0  0  0  0  0  0.00  0  0  0
4065 142 366  0  1  242  0  120  2  0.00  0  365  224
1066 54 186  0  0  85  0  100  1  0.00  0  186  132
4067 84 443  0  3  355  0  81  1  0.00  0  440  359
4068 50 259  0  2  191  0  62  3  0.00  0  258  209
4069 227 621  0  0  329  0  287  3  0.00  0  619  394
4070 295 573  0  0  321  1  250  1  0.00  0  573  278
4071 159 388  0  0  117  0  269  0  0.00  0  386  229
3072 170 365  0  0  190  0  175  0  0.00  0  365  195
1073 33 67  0  0  5  0  60  2  0.00  0  67  34
1074 101 211  0  0  70  0  138  0  0.00  0  208  110
1075 74 187  0  0  84  1  99  1  0.00  1  186  113
1076 76 305  0  1  125  1  176  1  0.00  0  304  229
4077 68 194  0  2  106  0  83  3  0.00  0  194  126
1078 164 355  0  2  49  0  299  0  0.00  0  350  191
1079 217 500  0  1  88  0  407  1  0.00  1  498  283
1080 91 234  0  0  44  0  186  0  0.00  0  230  143
1081 141 395  0  0  158  0  237  0  0.00  0  395  254
1082 37 122  0  0  87  0  34  1  0.00  0  122  85
1083 203 521  0  1  101  1  413  2  0.00  0  518  318
4084 29 82  0  0  61  1  20  0  0.00  0  82  53
1085 12 49  0  0  32  0  17  0  0.00  0  49  37
4086 187 449  0  1  214  0  232  2  0.00  0  449  262
4087 35 142  0  0  118  0  22  0  0.00  0  140  107
1088 54 217  0  0  86  1  126  1  0.00  1  215  163
1089 328 604  0  1  90  0  511  0  0.00  0  602  276
1090 314 553  0  0  69  1  479  1  0.00  0  550  239
4091 182 430  0  1  325  0  100  2  0.00  0  428  248
4092 55 205  0  2  169  0  32  1  0.00  0  204  150
4093 213 508  0  1  426  1  77  0  0.00  0  505  295
4094 160 453  0  0  240  0  210  0  0.00  0  450  293
1095 53 200  0  0  77  0  122  0  0.00  0  199  147
4096 70 289  0  0  139  0  149  1  0.00  0  289  219
4097 84 203  0  0  140  0  62  1  0.00  0  203  119
1098 282 560  0  0  104  0  450  3  0.00  0  557  278
1099 129 271  0  1  115  0  153  0  0.00  0  269  142
2100 96 258  0  0  189  0  66  1  0.00  0  256  162
4101 106 207  0  0  130  0  74  2  0.00  0  206  101
4102 131 312  0  1  250  0  58  1  0.00  1  311  181
1103 114 291  0  0  161  0  129  0  0.00  0  290  177
1104 609 1239  0  0  199  1  1031  2  0.00  1  1234  630
1105 229 500  0  0  255  1  242  1  0.00  0  499  271
1106 505 950  0  2  102  2  837  3  0.00  0  946  445
4107 102 264  0  0  196  0  66  1  0.00  0  263  162
1108 86 314  0  0  152  0  162  0  0.00  0  314  228
1109 60 211  0  0  160  0  49  1  0.00  0  210  151
4110 64 317  0  2  251  0  59  2  0.00  0  314  253
1111 109 233  0  0  117  1  112  2  0.00  0  232  124
2112 137 353  0  3  217  0  130  1  0.00  0  351  216
4113 20 46  0  0  25  0  21  0  0.00  0  46  26
3114 204 406  0  0  229  0  177  0  0.00  0  406  202
4115 39 117  0  0  55  0  62  0  0.00  0  117  78
4116 120 409  0  1  178  0  230  0  0.00  0  409  289
1117 160 508  0  1  237  1  267  2  0.00  0  508  348
4118 92 217  0  0  80  1  136  0  0.00  0  217  125
1119 603 1213  0  0  364  0  837  5  0.00  0  1206  610
1120 643 1044  0  1  141  3  894  0  0.00  0  1039  401
4121 114 436  0  0  306  0  126  1  0.00  0  433  322
4122 96 372  0  0  282  0  89  1  0.00  0  372  276
4123 103 278  0  1  223  1  51  1  0.00  0  277  175
4124 111 326  0  0  191  0  130  4  0.00  0  325  215
4125 94 319  0  0  238  0  79  1  0.00  0  318  225
1126 442 849  0  0  163  0  677  6  0.00  0  846  407
1127 417 776  0  0  114  0  657  1  0.00  1  773  359
4128 281 570  0  0  418  0  149  1  0.00  0  568  289
4129 85 254  0  1  130  1  120  1  0.00  0  253  169
4130 237 549  0  0  275  0  270  2  0.00  0  547  312
3131 125 350  0  1  225  1  119  1  0.00  0  347  225
1132 356 646  0  0  113  1  524  3  0.00  0  641  290
1133 136 359  0  0  187  0  170  1  0.00  0  358  223
1134 11 38  0  0  20  0  18  0  0.00  0  38  27
4135 128 253  0  0  147  1  104  1  0.00  0  253  125
4136 156 427  0  0  281  0  141  3  0.00  0  425  271
4137 79 354  0  1  190  1  157  1  0.00  2  352  275
4138 81 284  0  0  215  0  69  0  0.00  0  284  203
3139 107 221  0  1  142  1  71  3  0.00  0  218  114
3140 145 348  0  2  236  0  105  4  0.00  0  347  203
4141 209 441  0  2  279  0  156  1  0.00  0  438  232
1142 152 307  0  1  183  0  121  2  0.00  0  307  155
2143 148 275  0  0  167  0  104  4  0.00  0  275  127
4144 73 250  0  0  153  0  97  0  0.00  0  250  177
2145 112 311  0  0  199  1  108  0  0.00  0  308  199
1146 261 566  0  0  206  0  354  2  0.00  0  562  305
2147 91 273  0  0  163  0  107  2  0.00  0  272  182
2148 119 255  0  0  112  0  139  4  0.00  0  255  136
1149 366 740  0  0  171  2  558  3  0.00  1  735  374
1150 289 598  0  1  185  0  403  5  0.00  1  595  309
1151 143 272  0  0  90  0  180  1  0.00  0  271  129
1152 32 86  0  1  14  0  70  1  0.00  0  86  54
1153 409 745  0  3  96  0  641  0  0.00  0  740  336
1154 115 314  0  0  58  0  250  1  0.00  0  309  199
4155 91 468  0  0  321  0  142  2  0.00  1  466  377
3156 158 315  0  1  192  1  121  0  0.00  0  315  157
3157 167 426  0  0  253  0  171  0  0.00  1  425  259
3158 137 465  0  0  239  1  224  1  0.00  0  465  328
4159 178 348  0  2  263  0  81  0  0.00  0  346  170
3160 193 438  0  2  260  0  173  1  0.00  0  436  245
2161 114 243  0  0  105  0  135  2  0.00  1  243  129
4162 38 150  0  0  102  1  46  0  0.00  0  149  112
4163 88 284  0  0  154  0  128  1  0.00  0  283  196
3164 165 434  0  0  300  0  127  2  0.00  0  429  269
1165 98 277  0  0  179  0  96  1  0.00  0  276  179
3166 198 419  0  0  207  0  205  5  0.00  0  417  221
1167 187 364  0  1  214  0  144  4  0.00  0  363  177
2168 125 402  0  2  184  0  210  4  0.00  0  400  277
2169 68 198  0  0  89  0  106  2  0.00  1  198  130
1170 309 663  0  2  293  0  361  3  0.00  0  659  354
2171 174 599  0  0  339  1  257  0  0.00  1  598  425
3172 237 533  0  1  354  1  172  3  0.00  0  531  296
2173 61 184  0  0  87  0  94  2  0.00  0  183  123
2174 218 531  0  0  272  0  256  3  0.00  0  531  313
1175 62 172  0  0  62  0  108  0  0.00  0  170  110
3176 279 609  0  1  331  2  266  3  0.00  2  605  330
3177 120 266  0  0  153  0  108  1  0.00  0  262  146
4178 261 577  0  2  274  0  297  2  0.00  0  575  316
4179 78 253  0  0  157  0  93  1  0.00  0  251  175
2180 40 174  0  0  32  0  141  0  0.00  0  173  134
2181 276 676  0  1  371  0  300  2  0.00  0  674  400
4182 180 588  0  1  244  0  338  2  0.00  1  586  408
3183 224 484  0  0  240  0  241  1  0.00  1  483  260
1184 46 93  0  1  60  0  31  1  0.00  0  93  47
1185 39 90  0  0  42  0  46  1  0.00  1  90  51
1186 53 165  0  0  123  1  37  1  0.00  0  162  112
3187 102 262  0  0  170  0  87  1  0.00  0  258  160
1188 166 299  0  0  49  1  246  0  0.00  0  296  133
1189 210 589  0  0  334  0  246  8  0.00  0  588  379
2190 198 504  0  0  246  1  256  0  0.00  0  503  306
4191 65 193  0  0  141  0  47  4  0.00  0  192  128
3192 32 129  0  0  90  0  37  1  0.00  1  129  97
3193 201 433  0  0  241  0  191  1  0.00  0  433  232
3194 129 323  0  0  198  0  123  1  0.00  0  322  194
4195 52 286  0  0  224  0  59  1  0.00  0  284  234
3196 219 392  0  0  209  1  181  0  0.00  0  391  173
3197 359 923  0  1  362  2  550  6  0.00  0  921  564
1198 33 90  0  0  68  0  17  2  0.00  1  88  57
3199 55 93  0  0  29  0  64  0  0.00  0  93  38
3200 228 502  0  0  292  0  206  3  0.00  0  501  274
4201 116 366  0  2  300  0  64  0  0.00  0  366  250
4202 62 293  0  1  221  0  68  2  0.00  0  292  231
4203 157 339  0  0  182  1  152  4  0.00  0  339  182
4204 289 560  0  1  392  1  163  2  0.00  0  559  271
2205 198 506  0  1  302  0  198  4  0.00  0  505  308
1206 286 571  0  1  362  1  199  4  0.00  1  568  285
1207 272 471  0  1  248  0  218  1  0.00  0  468  199
1208 359 688  0  1  368  0  315  2  0.00  0  686  329
3209 260 531  0  0  290  3  232  2  0.00  0  527  271
2210 50 144  0  0  100  0  44  0  0.00  0  144  94
1211 350 760  0  2  91  0  662  1  0.00  0  756  410
3212 202 455  0  0  232  0  222  0  0.00  0  454  253
3213 193 388  0  0  242  1  143  0  0.00  0  386  195
3214 211 451  0  2  228  0  218  1  0.00  0  449  240
3215 130 288  0  1  156  0  129  1  0.00  0  287  158
3216 212 563  0  0  290  1  265  7  0.00  0  563  351
2217 187 435  0  1  230  0  203  1  0.00  0  435  248
4218 128 257  0  2  190  0  62  1  0.00  0  255  129
2219 252 585  0  0  261  0  319  1  0.00  0  581  333
2220 279 588  0  0  288  0  296  2  0.00  1  587  309
2221 425 857  0  0  299  1  555  0  0.00  1  856  432
4222 48 236  0  1  174  0  57  4  0.00  0  236  188
2223 121 318  0  0  156  0  162  0  0.00  0  318  197
2224 165 392  0  0  117  0  274  1  0.00  0  392  227
2225 98 340  0  0  155  1  179  0  0.00  1  336  242
2226 167 336  0  0  149  0  187  0  0.00  0  336  169
1227 345 813  0  0  240  1  568  2  0.00  0  811  468
2228 174 487  0  0  264  0  220  3  0.00  0  487  313
2229 185 488  0  1  234  0  252  0  0.00  1  488  303
4230 266 583  0  1  259  1  319  0  0.00  1  581  317
4231 96 297  0  0  226  0  69  0  0.00  0  295  201
4232 127 468  0  0  269  0  197  1  0.00  0  467  341
4233 26 124  0  1  84  0  37  0  0.00  0  122  98
3234 181 524  0  0  248  0  274  0  0.00  1  523  343
2235 205 423  0  0  243  1  175  0  0.00  0  419  218
1236 71 166  0  1  84  0  81  0  0.00  0  166  95
1237 57 182  0  0  134  0  45  2  0.00  1  182  125
1238 377 779  0  0  298  0  476  1  0.00  0  775  402
1239 0 0  0  0  0  0  0  0  0.00  0  0  0
3240 120 295  0  0  124  0  170  1  0.00  0  295  175
1241 27 69  0  0  25  0  44  0  0.00  0  69  42
4242 47 100  0  1  77  1  21  0  0.00  0  100  53
4243 45 142  0  0  105  0  36  0  0.00  1  142  97
1244 297 552  0  0  140  1  408  2  0.00  0  551  255
1245 2 8  0  0  5  0  3  0  0.00  0  8  6
2246 116 304  0  0  166  0  136  1  0.00  0  303  188
3247 125 293  0  0  143  0  149  0  0.00  0  292  168
3248 431 794  0  2  416  0  374  1  0.00  0  793  363
3249 271 616  0  0  296  1  313  1  0.00  0  611  345
4250 122 314  0  2  126  1  183  2  0.00  0  314  192
1251 735 1485  0  0  299  2  1179  2  0.00  1  1483  750
4252 88 249  0  2  143  0  102  1  0.00  0  248  161
4253 23 109  0  1  73  0  34  1  0.00  0  109  86
3254 208 483  0  1  251  0  228  2  0.00  0  482  275
1255 358 707  0  1  200  0  501  4  0.00  1  707  349
4256 24 114  0  1  92  0  21  0  0.00  0  114  90
1257 207 456  0  1  190  0  262  1  0.00  0  454  249
2258 56 104  0  0  55  0  49  0  0.00  0  104  48
4259 76 210  0  0  144  0  66  0  0.00  0  210  134
3260 147 332  0  1  178  0  150  3  0.00  0  332  185
4261 199 539  0  2  283  0  252  1  0.00  0  538  340
2262 81 179  0  0  120  0  58  1  0.00  0  179  98
2263 160 379  0  1  250  0  125  2  0.00  0  378  219
1264 206 337  0  3  176  0  157  0  0.00  0  336  131
1265 321 613  0  0  214  0  394  2  0.00  0  610  292
2266 300 622  0  0  338  0  282  1  0.00  0  621  322
2267 171 446  0  0  169  0  274  0  0.00  0  443  275
2268 161 315  0  0  163  0  147  0  0.00  0  310  154
2269 138 301  0  0  127  0  170  2  0.00  0  299  163
1270 88 222  0  1  106  0  112  3  0.00  0  222  134
1271 325 843  0  4  423  0  411  1  0.00  1  840  518
4272 22 44  0  0  21  0  23  0  0.00  0  44  22
1273 63 221  0  0  157  0  63  1  0.00  0  221  158
1274 60 111  0  1  7  0  102  1  0.00  0  111  51
2275 97 205  0  0  96  0  108  1  0.00  0  205  108
4276 139 387  0  1  212  0  171  3  0.00  0  387  248
1277 188 370  0  0  167  1  200  1  0.00  0  369  182
1278 146 300  0  0  65  0  235  0  0.00  0  300  154
1279 404 782  0  1  200  1  576  3  0.00  0  781  378
2280 217 483  0  0  233  0  245  3  0.00  0  481  266
2281 132 313  0  0  150  0  161  1  0.00  1  313  181
3282 162 329  0  0  189  0  137  2  0.00  1  329  167
3283 135 325  0  0  180  0  141  4  0.00  0  325  190
4284 12 34  0  0  23  0  11  0  0.00  0  34  22
4285 34 77  0  1  43  0  32  0  0.00  0  76  43
3286 130 300  0  0  140  0  158  2  0.00  0  300  170
3287 123 358  0  0  184  0  172  1  0.00  0  357  235
4288 22 54  0  0  23  0  31  0  0.00  0  54  32
3289 170 444  0  0  292  0  147  3  0.00  0  442  274
4290 247 501  0  1  362  0  130  4  0.00  0  497  254
1291 474 1128  0  2  125  1  992  2  0.00  0  1122  654
1292 253 529  0  0  159  0  369  0  0.00  0  528  276
1293 239 473  0  0  142  0  325  3  0.00  0  470  234
1294 194 416  0  1  265  1  140  4  0.00  0  411  222
1295 82 268  0  1  109  1  157  0  0.00  0  268  186
1296 261 476  0  0  194  1  278  1  0.00  0  474  215
1297 601 1193  0  3  142  0  1040  2  0.00  0  1187  592
1298 101 306  0  0  135  0  170  1  0.00  0  306  205
1299 27 79  0  1  41  0  37  0  0.00  0  79  52
1300 206 582  0  0  197  0  381  3  0.00  1  582  376
1301 444 817  0  1  140  2  666  0  0.00  0  809  373
1302 8 26  0  0  15  0  11  0  0.00  0  26  18
2303 144 316  0  0  156  0  155  2  0.00  0  313  172
2304 178 339  0  0  175  0  162  0  0.00  0  337  161
2305 228 532  0  0  244  0  287  1  0.00  0  532  304
2306 182 383  0  0  201  0  176  4  0.00  1  382  201
2307 366 731  0  0  301  0  425  2  0.00  0  728  365
2308 198 415  0  0  205  0  205  4  0.00  1  415  217
2309 62 182  0  0  110  0  72  0  0.00  0  182  120
2310 163 381  0  1  165  0  214  1  0.00  0  381  218
1311 360 685  0  1  105  0  575  3  0.00  1  685  325
1312 124 261  0  0  90  0  169  1  0.00  0  260  137
2313 203 481  0  0  252  0  226  2  0.00  0  480  278
2314 259 631  0  1  334  1  291  4  0.00  0  631  372
2315 159 373  0  0  127  0  246  0  0.00  0  373  214
2316 201 426  0  1  167  0  254  0  0.00  0  422  225
2317 109 251  0  0  117  1  131  1  0.00  0  250  142
2318 154 308  0  0  185  0  119  2  0.00  0  306  154
2319 166 448  0  1  213  1  231  2  0.00  0  448  282
2320 339 800  0  2  261  1  531  2  0.00  1  798  461
3321 302 618  0  0  304  0  311  2  0.00  0  617  316
3322 196 475  0  1  229  0  242  2  0.00  0  474  279
3323 249 534  0  0  260  0  270  1  0.00  0  531  285
3324 183 368  0  0  231  1  134  1  0.00  0  367  185
3325 62 181  0  0  111  0  70  0  0.00  0  181  119
3326 68 140  0  1  90  0  49  0  0.00  0  140  72
3327 162 384  0  0  221  0  161  2  0.00  0  384  222
4328 142 277  0  0  204  0  72  1  0.00  0  277  135
3329 227 510  0  2  260  1  242  1  0.00  1  507  283
3330 130 235  0  0  115  0  120  0  0.00  0  235  105
3331 230 511  0  1  257  0  253  0  0.00  0  511  281
3332 213 491  0  1  283  1  201  3  0.00  0  489  278
3333 315 699  0  0  404  1  287  5  0.00  0  697  384
3334 133 376  0  0  211  0  163  1  0.00  0  375  243
3335 166 432  0  2  256  1  167  5  0.00  1  432  266
3336 180 419  0  0  224  0  194  0  0.00  0  418  239
1337 176 379  0  1  229  0  148  0  0.00  1  379  203
4338 152 452  0  1  203  0  244  3  0.00  0  451  300
1339 242 509  0  0  219  1  287  1  0.00  1  509  267
4340 152 343  0  0  264  0  76  2  0.00  1  343  191
1341 131 205  0  0  25  0  178  0  0.00  1  204  74
4342 184 499  0  1  283  2  213  0  0.00  0  499  315
4343 113 266  0  0  129  0  136  1  0.00  0  266  153
4344 127 310  0  1  140  0  168  1  0.00  0  310  183
4345 68 147  0  0  77  0  68  0  0.00  1  146  79
1346 157 368  0  1  53  0  310  1  0.00  0  365  211
1347 842 1433  0  1  481  1  946  0  0.00  0  1429  591
1348 32 84  0  0  49  0  34  0  0.00  0  83  52
1349 7 8  0  0  7  0  1  0  0.00  0  8  1
4350 122 399  0  0  211  0  187  1  0.00  0  399  277
1351 0 0  0  0  0  0  0  0  0.00  0  0  0
2352 322 642  0  0  302  0  335  4  0.00  0  641  320
2353 143 320  0  0  123  0  194  2  0.00  0  319  177
2354 228 618  0  0  225  0  390  1  0.00  0  616  390
2355 118 192  0  0  85  0  107  0  0.00  0  192  74
2356 314 752  0  2  310  0  435  2  0.00  0  749  438
2357 187 387  0  0  185  0  200  2  0.00  0  387  200
2358 213 444  0  0  223  0  221  0  0.00  0  444  231
3359 221 415  0  0  162  0  252  0  0.00  0  414  194
2360 630 1204  0  0  429  1  770  4  0.00  0  1204  574
3361 169 380  0  0  178  1  198  1  0.00  0  378  211
4362 0 0  0  0  0  0  0  0  0.00  0  0  0
3363 156 452  0  1  246  0  201  1  0.00  0  449  296
3364 59 147  0  0  84  0  63  0  0.00  0  147  88
3365 217 474  0  0  226  1  243  2  0.00  0  472  257
3366 0 0  0  0  0  0  0  0  0.00  0  0  0
3367 15 30  0  0  18  0  11  0  0.00  0  29  15
3368 80 166  0  0  85  1  80  0  0.00  0  166  86
4369 181 469  0  3  246  0  218  0  0.00  0  467  288
4370 0 0  0  0  0  0  0  0  0.00  0  0  0
4371 27 70  0  0  41  0  29  0  0.00  0  70  43
3372 296 735  0  0  315  0  415  4  0.00  0  734  439
4373 20 36  0  0  22  0  13  1  0.00  0  36  16
4374 127 365  0  1  200  0  163  0  0.00  0  364  238
4375 120 269  0  2  153  1  111  2  0.00  0  269  149
1376 1 3  0  0  1  0  2  0  0.00  0  3  2
1377 427 798  0  1  337  1  454  1  0.00  0  794  371
1378 691 1463  0  3  369  1  1078  5  0.00  1  1457  772
2379 526 1028  0  1  275  1  747  3  0.00  0  1027  502
1380 203 420  0  0  144  0  273  1  0.00  0  418  217
2381 343 756  0  0  171  1  579  3  0.00  0  754  413
3382 155 289  0  0  73  0  211  1  0.00  0  285  134
2383 255 546  0  0  212  0  331  1  0.00  0  544  291
3384 137 296  0  0  153  0  141  1  0.00  0  295  159
3385 242 568  0  0  256  0  312  0  0.00  0  568  326
3386 326 663  0  3  354  1  298  4  0.00  1  661  337
3387 123 383  0  0  216  0  165  1  0.00  0  382  260
1388 229 523  0  0  175  0  346  1  0.00  0  522  294
3389 278 632  0  0  289  0  342  0  0.00  0  631  354
3390 246 636  0  0  299  0  336  1  0.00  0  636  390
3391 212 468  0  0  207  2  258  1  0.00  0  468  256
3392 155 386  0  1  180  0  202  3  0.00  0  386  231
2393 135 307  0  0  148  0  155  1  0.00  0  304  172
4394 29 71  0  1  56  0  11  2  0.00  0  70  42
4395 35 94  0  1  69  1  21  0  0.00  1  93  59
3396 292 651  0  1  259  1  387  0  0.00  0  648  359
4397 25 65  0  0  55  0  9  1  0.00  0  65  40
3398 94 274  0  0  162  1  111  0  0.00  0  274  180
3399 21 35  0  0  27  0  8  0  0.00  0  35  14
4400 7 61  0  0  50  0  10  1  0.00  0  61  54
2401 23 39  0  0  21  0  16  1  0.00  0  38  16
2402 4 5  0  0  1  0  4  0  0.00  0  5  1
2403 1 3  0  0  1  0  2  0  0.00  0  3  2
3404 23 52  0  0  18  1  33  0  0.00  0  52  29
2405 507 1015  0  0  260  0  749  4  0.00  0  1013  508
3406 0 0  0  0  0  0  0  0  0.00  0  0  0
3407 3 9  0  0  5  0  4  0  0.00  0  9  6
1408 29 125  0  0  56  0  67  2  0.00  0  125  96
3409 6 11  0  0  9  0  2  0  0.00  0  11  5
4410 199 482  0  0  223  0  259  0  0.00  0  482  283
2411 26 78  0  0  39  0  38  0  0.00  1  78  52
2412 17 56  0  0  8  0  48  0  0.00  0  56  39
2413 33 84  0  0  36  0  48  0  0.00  0  84  51
3414 7 11  0  0  7  0  4  0  0.00  0  11  4
1415 74 171  0  0  64  0  106  0  0.00  0  170  97
3416 4 23  0  0  11  0  12  0  0.00  0  23  19
3417 37 83  0  0  32  0  51  0  0.00  0  83  46
4418 0 0  0  0  0  0  0  0  0.00  0  0  0
1419 0 0  0  0  0  0  0  0  0.00  0  0  0
1420 0 0  0  0  0  0  0  0  0.00  0  0  0
3421 80 192  0  0  123  0  67  1  0.00  0  191  112
3422 189 396  0  0  208  0  186  2  0.00  0  396  207
1423 215 445  0  0  183  1  257  1  0.00  0  442  230
3424 68 112  0  0  68  0  42  1  0.00  0  111  44
2425 203 409  0  0  147  0  261  0  0.00  1  409  206
2426 186 451  0  2  208  0  237  1  0.00  0  448  265
2427 4 10  0  0  5  0  5  0  0.00  0  10  6
1428 29 99  0  0  14  0  84  1  0.00  0  99  70
4429 13 27  0  0  16  0  11  0  0.00  0  27  14
3430 3 3  0  0  0  0  3  0  0.00  0  3  0
2431 0 1  0  0  0  0  1  0  0.00  0  1  1
4432 5 9  0  0  3  0  5  0  0.00  0  8  4
3433 43 91  0  0  50  0  41  0  0.00  0  91  48
4434 6 11  0  0  10  0  0  0  0.00  1  11  5
1435 26 87  0  0  35  0  52  0  0.00  0  87  61
4436 3 14  0  0  13  0  1  0  0.00  0  14  11
1437 96 178  0  0  71  0  105  0  0.00  0  176  82
2438 282 583  0  0  168  0  411  3  0.00  0  582  301
2439 22 40  0  0  13  0  27  0  0.00  0  40  18
1440 272 574  0  0  141  0  429  2  0.00  0  572  302
3441 23 62  0  0  18  0  43  0  0.00  0  61  39
3442 60 120  0  0  28  0  92  0  0.00  0  120  60
3443 183 457  0  1  250  1  200  2  0.00  0  454  274
2444 0 0  0  0  0  0  0  0  0.00  0  0  0
3445 1 3  0  0  3  0  0  0  0.00  0  3  2
1446 0 1  0  0  1  0  0  0  0.00  0  1  1
1447 2 2  0  0  0  0  2  0  0.00  0  2  0
2448 371 751  0  4  256  1  488  0  0.00  0  749  380
2449 230 584  0  2  184  0  396  1  0.00  0  583  354
2450 253 510  0  0  164  0  340  1  0.00  0  505  257
2451 15 31  0  0  12  0  19  0  0.00  0  31  16
4452 68 196  0  0  92  1  103  0  0.00  0  196  128
2453 68 130  0  0  34  0  96  0  0.00  0  130  62
4454 185 637  0  0  369  0  261  4  0.00  2  636  452
3455 89 242  0  0  65  0  175  1  0.00  0  241  153
4456 99 264  0  0  131  0  128  4  0.00  0  263  165
3457 0 0  0  0  0  0  0  0  0.00  0  0  0
4458 0 0  0  0  0  0  0  0  0.00  0  0  0
1459 330 618  0  2  161  1  453  0  0.00  0  617  288
1460 359 869  0  1  191  0  669  5  0.00  0  866  510
2461 213 579  0  1  181  0  394  1  0.00  0  577  366
2462 185 399  0  0  139  0  259  0  0.00  0  398  214
1463 153 359  0  1  99  0  257  1  0.00  0  358  206
2464 52 96  0  0  40  0  56  0  0.00  0  96  44
3465 276 721  0  2  330  0  387  0  0.00  0  719  445
2466 169 333  0  0  135  0  197  0  0.00  0  332  164
2467 295 594  0  0  205  0  386  3  0.00  0  594  299
2468 229 507  0  0  218  1  285  2  0.00  0  506  278
3469 146 262  0  0  120  0  140  1  0.00  0  261  116
3470 10 22  0  0  14  0  8  0  0.00  0  22  12
3471 110 234  0  0  134  0  99  1  0.00  0  234  124
1472 0 0  0  0  0  0  0  0  0.00  0  0  0
1473 7 18  0  0  12  0  6  0  0.00  0  18  11
1474 22 43  0  0  26  0  16  0  0.00  0  42  21
1475 23 72  0  1  37  2  32  0  0.00  0  72  49
1476 8 18  0  0  13  0  5  0  0.00  0  18  10
1477 115 286  0  2  61  0  219  1  0.00  1  284  171
1478 22 57  0  0  21  0  35  1  0.00  0  57  35
1479 50 113  0  1  43  0  67  1  0.00  0  112  63
1480 46 94  0  0  56  0  38  0  0.00  0  94  48
1481 31 104  0  0  78  0  24  1  0.00  0  103  73
1482 64 105  0  0  43  0  60  0  0.00  0  103  41
1483 0 1  0  0  0  0  1  0  0.00  0  1  1
2484 151 378  0  1  84  0  291  0  0.00  0  376  227
1485 0 3  0  0  2  0  0  0  0.00  1  3  3
3486 328 857  0  0  385  1  468  1  0.00  0  855  529
1487 0 0  0  0  0  0  0  0  0.00  0  0  0
2488 437 887  0  0  262  0  622  1  0.00  0  885  450
1489 213 553  0  0  154  0  398  0  0.00  0  552  340
1490 55 118  0  0  20  0  98  0  0.00  0  118  63
3491 6 19  0  0  8  0  11  0  0.00  0  19  13
4492 1 8  0  0  5  0  3  0  0.00  0  8  7
4493 26 68  0  0  38  0  30  0  0.00  0  68  42
4494 2 3  0  0  2  0  1  0  0.00  0  3  1
4495 12 15  0  0  7  0  8  0  0.00  0  15  3
4496 38 85  0  0  35  0  49  1  0.00  0  85  47
4497 197 487  0  0  199  0  285  1  0.00  0  485  290
4498 47 150  0  0  58  0  92  0  0.00  0  150  103
4499 129 398  0  1  174  0  220  1  0.00  0  396  269
1500 0 0  0  0  0  0  0  0  0.00  0  0  0
4501 4 6  0  0  5  0  1  0  0.00  0  6  2
1502 5 9  0  0  6  0  3  0  0.00  0  9  4
4503 50 174  0  0  117  0  57  0  0.00  0  174  124
1504 143 373  0  0  225  1  143  2  0.00  0  371  230
2505 140 276  0  0  136  1  139  0  0.00  0  276  136
2506 232 564  0  2  279  0  281  1  0.00  0  563  332
3507 139 367  0  0  209  0  153  3  0.00  0  365  228
4508 116 362  0  1  218  1  138  2  0.00  0  360  246
3509 111 312  0  1  177  1  131  1  0.00  0  311  201
3510 263 503  0  0  286  0  215  0  0.00  0  501  240
3511 246 503  0  0  188  1  307  4  0.00  0  500  257
4512 0 0  0  0  0  0  0  0  0.00  0  0  0
2513 12 20  0  0  9  0  11  0  0.00  0  20  8
1514 0 0  0  0  0  0  0  0  0.00  0  0  0
1515 7 10  0  0  8  0  1  0  0.00  0  9  3
3516 190 416  0  0  223  0  191  2  0.00  0  416  226
3517 133 340  0  0  172  0  166  2  0.00  0  340  207
4518 12 34  0  0  19  0  14  1  0.00  0  34  22
2519 159 281  0  0  83  0  197  1  0.00  0  281  122
2520 150 422  0  1  171  0  245  3  0.00  0  420  272
2521 119 273  0  0  131  0  139  0  0.00  0  270  154
2522 212 496  0  0  227  1  266  1  0.00  0  495  284
2523 210 446  0  1  136  0  308  1  0.00  0  446  236
2524 184 351  0  1  172  1  175  0  0.00  0  349  167
2525 375 783  0  0  194  1  585  2  0.00  0  782  408
3526 101 216  0  0  114  0  101  1  0.00  0  216  115
3527 165 365  0  0  225  0  139  0  0.00  0  364  200
4528 230 617  0  1  306  1  304  4  0.00  0  616  387
3529 120 337  0  0  143  0  193  0  0.00  0  336  217
3530 183 389  0  0  186  0  202  1  0.00  0  389  206
4531 135 493  0  0  306  0  185  2  0.00  0  493  358
4532 57 187  0  1  116  0  69  0  0.00  0  186  130
4533 97 240  0  0  136  1  103  0  0.00  0  240  143
4534 202 576  0  1  311  0  262  0  0.00  0  574  374
2535 125 278  0  0  137  0  139  2  0.00  0  278  153
2536 191 397  0  0  193  0  203  0  0.00  0  396  206
2537 157 356  0  0  104  1  251  0  0.00  0  356  199
3538 120 242  0  1  104  0  136  0  0.00  0  241  122
3539 0 4  0  0  0  0  4  0  0.00  0  4  4
4540 236 579  0  0  260  0  317  1  0.00  0  578  343
2541 343 758  0  1  207  0  547  0  0.00  0  755  415
3542 189 447  0  0  220  1  226  0  0.00  0  447  258
3543 115 285  0  1  153  0  131  0  0.00  0  285  170
2544 0 0  0  0  0  0  0  0  0.00  0  0  0
3545 199 418  0  1  195  0  220  1  0.00  0  417  219
2546 4 9  0  0  1  0  7  0  0.00  1  9  5
1547 0 0  0  0  0  0  0  0  0.00  0  0  0
2548 110 262  0  0  137  1  122  2  0.00  0  262  152
3549 26 46  0  0  20  0  26  0  0.00  0  46  20
2550 0 0  0  0  0  0  0  0  0.00  0  0  0
4551 404 994  0  0  503  0  483  4  0.00  0  990  590
3552 199 570  0  1  264  0  303  1  0.00  0  569  371
2553 179 364  0  0  148  1  211  2  0.00  0  362  185
3554 180 393  0  0  199  0  190  2  0.00  0  391  213
1555 2 5  0  0  1  0  4  0  0.00  0  5  3
2556 141 402  0  0  228  0  169  3  0.00  0  400  261
2557 364 810  0  0  295  0  512  1  0.00  0  808  446
3558 269 530  0  1  224  0  303  2  0.00  0  530  261
3559 151 295  0  0  122  1  170  0  0.00  0  293  144
1560 0 0  0  0  0  0  0  0  0.00  0  0  0
3561 0 0  0  0  0  0  0  0  0.00  0  0  0
3562 7 14  0  0  9  0  5  0  0.00  0  14  7
4563 0 0  0  0  0  0  0  0  0.00  0  0  0
3564 0 0  0  0  0  0  0  0  0.00  0  0  0
1565 0 0  0  0  0  0  0  0  0.00  0  0  0
3566 0 0  0  0  0  0  0  0  0.00  0  0  0
1567 24 46  0  0  14  0  32  0  0.00  0  46  22
1568 2 10  0  0  3  0  7  0  0.00  0  10  8
2569 56 161  0  0  50  0  111  0  0.00  0  161  105
3570 96 287  0  2  131  0  152  2  0.00  0  287  191
2571 2 2  0  0  0  0  2  0  0.00  0  2  0
1572 1 5  0  0  2  0  1  0  0.00  0  3  4
1573 7 9  0  0  3  0  6  0  0.00  0  9  2
3574 0 0  0  0  0  0  0  0  0.00  0  0  0
3575 0 0  0  0  0  0  0  0  0.00  0  0  0
3576 0 0  0  0  0  0  0  0  0.00  0  0  0
4577 13 27  0  0  18  0  8  1  0.00  0  27  14
4578 0 0  0  0  0  0  0  0  0.00  0  0  0
3579 51 126  0  0  53  0  72  0  0.00  0  125  75
3580 0 1  0  0  1  0  0  0  0.00  0  1  1
2581 247 534  0  0  195  0  338  0  0.00  0  533  287
3582 0 0  0  0  0  0  0  0  0.00  0  0  0
3583 0 0  0  0  0  0  0  0  0.00  0  0  0
3584 0 0  0  0  0  0  0  0  0.00  0  0  0
3585 0 0  0  0  0  0  0  0  0.00  0  0  0
3586 0 0  0  0  0  0  0  0  0.00  0  0  0
4587 59 137  0  1  21  0  114  1  0.00  0  137  78
3588 265 648  0  1  304  0  338  4  0.00  0  647  383
3589 0 0  0  0  0  0  0  0  0.00  0  0  0
3590 0 0  0  0  0  0  0  0  0.00  0  0  0
4591 80 210  0  0  75  1  131  2  0.00  0  209  130
1592 0 0  0  0  0  0  0  0  0.00  0  0  0
1593 0 0  0  0  0  0  0  0  0.00  0  0  0
1594 0 0  0  0  0  0  0  0  0.00  0  0  0
1595 0 0  0  0  0  0  0  0  0.00  0  0  0
1596 0 0  0  0  0  0  0  0  0.00  0  0  0
1597 68 147  0  0  97  0  48  2  0.00  0  147  79
1598 0 0  0  0  0  0  0  0  0.00  0  0  0
3599 45 100  0  0  41  0  59  0  0.00  0  100  55
1600 1 1  0  0  1  0  0  0  0.00  0  1  0
1601 0 0  0  0  0  0  0  0  0.00  0  0  0
1602 3 12  0  0  5  0  7  0  0.00  0  12  9
1603 29 54  0  0  24  0  30  0  0.00  0  54  25
1604 15 30  0  0  7  0  23  0  0.00  0  30  15
1605 0 0  0  0  0  0  0  0  0.00  0  0  0
1606 2 4  0  0  0  0  4  0  0.00  0  4  2
1607 0 0  0  0  0  0  0  0  0.00  0  0  0
2608 44 72  0  0  18  0  54  0  0.00  0  72  28
2609 0 0  0  0  0  0  0  0  0.00  0  0  0
2610 0 0  0  0  0  0  0  0  0.00  0  0  0
2611 0 0  0  0  0  0  0  0  0.00  0  0  0
2612 0 0  0  0  0  0  0  0  0.00  0  0  0
2613 83 195  0  1  56  0  138  0  0.00  0  195  112
2614 0 1  0  0  0  0  1  0  0.00  0  1  1
1615 0 0  0  0  0  0  0  0  0.00  0  0  0
2616 0 0  0  0  0  0  0  0  0.00  0  0  0
2617 0 0  0  0  0  0  0  0  0.00  0  0  0
2618 0 0  0  0  0  0  0  0  0.00  0  0  0
2619 0 0  0  0  0  0  0  0  0.00  0  0  0
4620 6 15  0  0  10  0  5  0  0.00  0  15  9
3621 0 0  0  0  0  0  0  0  0.00  0  0  0
4622 0 0  0  0  0  0  0  0  0.00  0  0  0
3623 8 25  0  0  17  0  8  0  0.00  0  25  17
3624 12 25  0  0  21  0  4  0  0.00  0  25  13
3625 0 0  0  0  0  0  0  0  0.00  0  0  0
3626 24 47  0  0  26  0  21  0  0.00  0  47  23
3627 5 7  0  0  2  0  5  0  0.00  0  7  2
3628 0 0  0  0  0  0  0  0  0.00  0  0  0
4629 0 0  0  0  0  0  0  0  0.00  0  0  0
4630 0 0  0  0  0  0  0  0  0.00  0  0  0
3631 0 0  0  0  0  0  0  0  0.00  0  0  0
4632 0 0  0  0  0  0  0  0  0.00  0  0  0
3633 3 4  0  0  4  0  0  0  0.00  0  4  1
3634 1 6  0  0  4  0  2  0  0.00  0  6  5
2635 404 883  0  0  230  0  649  1  0.00  0  880  479
2636 126 299  0  1  140  0  155  0  0.00  2  298  173
3637 227 607  0  0  278  0  328  0  0.00  0  606  380
4638 149 299  0  0  130  0  167  1  0.00  0  298  150
