1001 209 270  342  108  154  4  0  0  78.95  0  0  0  61
1002 430 537  786  227  296  8  0  0  68.32  0  0  0  107
2003 726 1083  1511  652  410  10  0  0  71.67  0  0  0  357
1004 1272 1637  2314  879  726  12  0  3  70.74  0  0  0  365
1005 114 144  223  4  137  0  0  0  64.57  0  0  0  30
4006 165 259  566  43  206  2  0  1  45.76  0  0  0  94
2007 1325 1731  2323  1145  555  14  0  1  74.52  0  5  0  406
1008 150 234  369  6  224  0  0  0  63.41  0  0  0  84
1009 587 832  1176  513  294  8  0  0  70.75  0  0  2  245
1010 183 220  510  34  183  1  0  0  43.14  0  0  0  37
1011 263 387  933  57  324  2  0  0  41.48  0  0  0  124
1012 922 1228  1817  474  730  7  0  2  67.58  0  0  0  306
1013 1393 1632  2431  215  1391  5  0  1  67.13  0  0  0  239
1014 219 416  736  241  163  7  0  0  56.52  0  0  0  197
1015 59 118  241  28  88  1  0  0  48.96  0  0  0  59
4016 654 1062  1459  534  508  10  0  0  72.79  0  0  1  408
4017 763 1180  2580  330  833  5  0  0  45.74  0  0  0  417
4018 474 702  1203  457  231  7  0  0  58.35  0  0  0  228
1019 208 346  704  79  258  1  0  1  49.15  0  0  0  138
4020 663 929  1864  529  372  11  0  0  49.84  0  0  0  266
1021 1503 2010  2777  1356  617  10  0  4  72.38  0  0  0  507
1022 702 937  1227  580  340  10  0  2  76.37  0  0  0  235
1023 1532 2166  3283  1260  858  11  0  1  65.98  0  0  0  634
1024 1358 1923  2941  1201  692  11  0  1  65.39  0  0  1  565
1025 825 1228  2020  459  753  5  0  1  60.79  0  0  0  403
2026 1086 1471  2210  854  576  14  0  0  66.56  0  0  0  385
2027 528 801  1441  350  433  6  0  0  55.59  0  0  0  273
2028 680 932  1321  628  293  7  0  1  70.55  0  0  0  252
2029 1753 2169  3205  1485  635  22  0  2  67.68  0  0  0  416
2030 1467 1990  3099  600  1351  17  0  1  64.21  0  1  0  523
2031 1770 2258  2948  715  1524  9  0  1  76.59  0  0  0  488
3032 783 1011  1465  688  298  10  0  3  69.01  0  0  0  228
2033 974 1320  2341  825  463  8  0  1  56.39  0  0  0  346
1034 1581 2317  3310  1672  604  16  0  3  70.00  0  0  0  736
3035 1817 2381  3204  1613  724  26  0  3  74.31  0  0  0  564
3036 800 1232  2217  676  521  19  0  2  55.57  0  0  0  432
3037 1571 2022  2827  1381  610  10  0  3  71.52  0  0  0  451
3038 1430 1939  3001  1220  677  23  0  3  64.61  0  0  0  509
3039 1637 2226  3048  1636  557  11  0  1  73.03  0  0  0  589
3040 817 1108  1692  789  292  10  0  0  65.48  0  0  0  291
3041 931 1397  2604  824  532  12  0  2  53.65  0  1  1  466
4042 454 738  1623  446  268  6  0  0  45.47  0  0  0  284
3043 1316 2118  2772  1434  655  13  0  0  76.41  0  0  0  802
4044 1584 2297  3121  1724  537  15  0  0  73.60  0  0  0  713
4045 1429 1921  2530  1441  450  9  0  1  75.93  0  1  0  492
4046 1652 2182  3399  1591  553  13  0  0  64.20  0  2  0  530
4047 895 1411  2507  1042  340  13  0  0  56.28  0  1  0  516
4048 139 285  737  57  223  0  0  0  38.67  0  0  0  146
3049 1309 1712  2286  1278  413  10  0  0  74.89  0  0  0  403
4050 427 606  1226  73  526  1  0  0  49.43  0  0  0  179
4051 75 109  333  39  67  1  0  0  32.73  0  0  0  34
2052 1062 1384  2277  596  745  19  1  3  60.78  0  0  0  322
4053 421 658  1083  430  215  3  0  1  60.76  0  0  0  237
3054 1782 2422  3392  1672  711  19  0  2  71.40  0  1  1  640
2055 1145 1510  2047  898  583  9  0  0  73.77  0  0  0  365
1056 123 256  1088  21  230  1  0  0  23.53  0  0  0  133
4057 342 687  1148  376  300  6  0  0  59.84  0  0  0  345
1058 200 259  466  6  250  0  0  0  55.58  0  0  0  59
1059 193 236  411  9  224  0  0  0  57.42  0  0  0  43
4060 441 909  1494  321  574  4  0  1  60.84  0  0  0  468
1061 76 127  215  16  110  0  0  0  59.07  0  0  0  51
1062 339 642  880  287  338  8  0  0  72.95  0  0  0  303
3063 1673 2355  3509  1617  697  17  0  2  67.11  0  1  0  682
4064 2 2  3  2  0  0  0  0  66.67  0  0  0  0
4065 1194 1672  2513  1237  395  14  0  4  66.53  1  0  0  478
1066 253 386  743  143  237  1  0  0  51.95  0  0  0  133
4067 285 649  1278  147  489  1  0  0  50.78  0  0  0  364
4068 234 547  1146  134  405  4  0  0  47.73  0  0  0  313
4069 1414 2141  3128  1277  807  19  0  7  68.45  0  0  0  727
4070 1212 1615  2336  893  699  9  0  1  69.14  0  0  0  403
4071 1025 1372  2626  527  816  11  0  2  52.25  0  0  0  347
3072 1515 1866  2456  1358  474  18  0  3  75.98  0  0  0  351
1073 90 109  233  1  107  0  0  0  46.78  0  0  0  19
1074 230 346  826  30  313  0  0  1  41.89  0  0  0  116
1075 230 365  898  68  291  1  0  0  40.65  0  0  0  135
1076 413 716  924  339  357  9  0  0  77.49  0  0  0  303
4077 241 413  695  157  248  1  0  1  59.42  0  0  0  172
1078 367 459  730  11  446  0  0  0  62.88  0  0  0  92
1079 546 715  1253  18  693  0  0  0  57.06  0  0  0  169
1080 268 383  682  14  361  3  0  0  56.16  0  0  0  115
1081 899 1233  1802  713  498  9  0  1  68.42  0  0  1  334
1082 179 303  586  152  146  1  0  0  51.71  0  0  0  124
1083 584 782  1516  69  702  4  0  0  51.58  0  0  0  198
4084 87 165  465  51  108  2  0  0  35.48  0  0  0  78
1085 52 92  165  39  52  0  0  0  55.76  0  0  0  40
4086 1276 1766  2282  1215  525  16  0  1  77.39  0  0  1  490
4087 89 214  470  48  162  0  0  0  45.53  0  0  0  125
1088 250 471  923  120  340  6  0  1  51.03  0  0  0  221
1089 741 910  1459  8  894  1  0  0  62.37  0  0  0  169
1090 760 937  1758  17  912  0  0  0  53.30  0  0  0  177
4091 1044 1456  2667  972  449  13  0  4  54.59  0  0  0  412
4092 161 326  828  93  233  0  0  0  39.37  0  0  0  165
4093 591 859  1895  258  579  12  0  0  45.33  0  0  0  268
4094 635 898  1553  314  561  7  0  3  57.82  0  0  0  263
1095 424 623  774  383  234  3  0  0  80.49  0  0  0  199
4096 289 532  837  161  354  9  0  4  63.56  0  0  2  243
4097 269 554  1065  188  351  6  0  0  52.02  0  0  0  285
1098 722 942  1827  36  894  1  0  0  51.56  0  0  0  220
1099 413 553  948  188  355  2  0  0  58.33  0  0  0  140
2100 459 723  1484  362  339  9  0  0  48.72  0  0  0  264
4101 368 584  1102  284  284  4  0  0  52.99  0  0  0  216
4102 508 814  1832  417  375  6  0  2  44.43  0  0  0  306
1103 778 1033  1369  716  303  7  0  0  75.46  0  0  0  255
1104 1316 1645  2446  109  1506  1  0  2  67.25  0  1  1  329
1105 1141 1343  1702  787  525  10  0  0  78.91  0  0  0  202
1106 1274 1496  2481  20  1452  0  0  0  60.30  0  0  0  222
4107 266 425  983  118  298  0  0  0  43.23  0  0  0  159
1108 524 790  967  424  353  6  0  1  81.70  0  0  0  266
1109 269 443  951  156  282  1  0  0  46.58  0  0  0  174
4110 193 454  914  123  324  2  0  1  49.67  0  0  0  261
1111 812 1023  1383  746  254  10  0  0  73.97  0  0  0  211
2112 1061 1428  1919  1023  374  8  0  2  74.41  0  1  0  367
4113 180 244  386  155  85  3  0  0  63.21  0  0  0  64
3114 1141 1546  2541  987  535  9  0  1  60.84  0  0  0  405
4115 219 508  625  392  108  2  0  0  81.28  0  0  0  289
4116 832 1331  1771  796  515  7  0  2  75.16  0  0  0  499
1117 848 1351  1824  743  579  8  0  2  74.07  0  1  0  503
4118 544 733  1157  368  350  9  0  0  63.35  0  0  0  189
1119 2435 2958  4132  1210  1702  17  0  2  71.59  0  0  1  523
1120 1330 1521  2324  48  1460  1  0  0  65.45  0  0  0  191
4121 663 1291  2126  826  420  14  0  1  60.72  0  0  0  628
4122 433 794  1726  326  451  4  0  0  46.00  0  0  0  361
4123 274 459  1185  138  316  1  0  0  38.73  0  0  0  185
4124 502 779  1043  405  347  11  0  5  74.69  0  0  1  277
4125 464 959  1938  532  403  9  0  0  49.48  0  0  0  495
1126 1465 1831  2617  503  1295  10  0  2  69.97  0  1  0  366
1127 868 1061  1544  17  1030  3  0  0  68.72  0  0  1  193
4128 1101 1677  3155  1014  622  13  0  4  53.15  0  0  0  576
4129 536 795  1022  512  270  3  0  1  77.79  0  0  0  259
4130 1461 1909  2380  1286  593  17  0  0  80.21  0  0  0  448
3131 723 1155  1800  752  375  12  0  1  64.17  0  0  0  432
1132 836 1026  1871  25  987  6  0  0  54.84  0  0  0  190
1133 675 997  1508  506  465  12  0  0  66.11  0  0  0  322
1134 126 233  442  167  62  0  0  0  52.71  0  0  0  107
4135 588 835  1352  478  336  10  0  2  61.76  0  0  0  247
4136 604 1168  2257  604  533  19  0  1  51.75  0  0  0  564
4137 531 951  1246  570  367  7  0  1  76.32  0  0  0  420
4138 300 677  1543  371  288  5  0  0  43.88  0  0  0  377
3139 565 791  1416  444  325  9  0  1  55.86  0  0  0  226
3140 1007 1266  1885  863  374  5  0  1  67.16  0  0  0  259
4141 1121 1503  2692  864  593  19  0  2  55.83  0  0  0  382
1142 692 928  1350  495  413  9  0  2  68.74  0  0  0  236
2143 683 905  1528  546  334  9  0  2  59.23  0  0  0  222
4144 455 891  1432  545  326  11  0  0  62.22  0  0  0  436
2145 527 857  1863  348  488  7  0  0  46.00  0  0  0  330
1146 987 1261  1731  532  706  9  0  0  72.85  0  0  1  274
2147 605 865  1241  532  309  9  0  1  69.70  0  0  0  260
2148 498 681  1452  290  383  1  0  1  46.90  0  0  0  183
1149 1076 1357  2504  243  1098  2  0  0  54.19  0  0  0  281
1150 921 1190  1865  363  798  8  0  0  63.81  0  0  0  269
1151 585 770  1243  304  454  3  0  0  61.95  0  0  1  185
1152 114 148  347  23  123  1  0  0  42.65  0  0  0  34
1153 994 1125  1596  71  1048  0  0  0  70.49  0  0  0  131
1154 346 517  1026  43  467  1  0  0  50.39  0  0  0  171
4155 557 1043  2181  412  605  6  0  3  47.82  0  1  0  486
3156 1073 1318  1815  950  354  6  0  0  72.62  0  0  0  245
3157 1035 1520  2579  859  628  17  0  0  58.94  0  0  0  485
3158 1107 1576  2195  963  586  10  0  2  71.80  0  0  0  469
4159 685 974  1885  557  388  10  0  0  51.67  0  0  0  289
3160 878 1391  2642  747  603  20  0  0  52.65  0  0  0  513
2161 687 877  1553  338  515  8  0  3  56.47  0  0  0  190
4162 290 495  982  252  229  1  0  0  50.41  0  0  0  205
4163 592 890  1135  555  314  7  0  2  78.41  0  0  0  298
3164 783 1302  2166  777  490  14  0  0  60.11  0  0  0  519
1165 475 809  1233  414  378  4  0  0  65.61  0  0  0  334
3166 915 1320  2505  670  615  18  0  2  52.69  0  0  0  405
1167 792 1046  1486  626  399  4  0  0  70.39  0  0  0  254
2168 688 1080  1927  446  605  13  0  2  56.05  0  0  0  392
2169 389 579  1313  224  334  7  0  1  44.10  0  0  0  190
1170 1064 1443  2162  576  832  15  0  1  66.74  0  0  0  379
2171 1330 1979  2824  1296  630  20  0  1  70.08  0  0  0  649
3172 1349 1803  2800  1096  668  9  0  2  64.39  0  0  0  454
2173 595 810  1061  585  219  2  0  0  76.34  0  0  0  215
2174 1317 1758  2750  1042  677  20  0  1  63.93  0  0  0  441
1175 344 509  755  223  273  3  0  1  67.42  0  0  0  165
3176 1555 2078  3222  1270  761  18  0  5  64.49  0  0  1  523
3177 972 1274  1779  931  317  7  0  0  71.61  0  0  0  302
4178 1470 2024  2986  1231  758  19  0  1  67.78  0  0  0  554
4179 355 671  1245  356  306  3  0  0  53.90  0  1  0  316
2180 187 295  708  16  275  0  0  0  41.67  0  0  0  108
2181 1429 1957  2721  1142  773  17  0  0  71.92  0  0  1  528
4182 1382 2040  2696  1308  698  14  0  2  75.67  0  0  0  658
3183 1306 1799  2670  1083  669  18  0  0  67.38  0  2  0  493
1184 230 303  631  166  131  2  0  0  48.02  0  0  0  73
1185 193 285  419  133  144  2  0  0  68.02  0  0  0  92
1186 152 432  551  283  141  4  0  0  78.40  0  1  0  280
3187 671 1037  1665  653  356  12  0  0  62.28  0  0  0  366
1188 327 428  662  6  414  0  0  0  64.65  0  0  0  101
1189 883 1484  2047  831  629  8  0  0  72.50  0  0  0  601
2190 948 1446  3271  540  871  8  0  1  44.21  0  0  0  498
4191 538 785  1321  523  247  7  0  0  59.42  0  0  0  247
3192 312 549  757  426  115  4  0  0  72.52  0  0  0  237
3193 1511 1870  2435  1386  447  17  0  3  76.80  0  0  0  359
3194 844 1342  2375  824  482  11  0  3  56.51  0  0  0  498
4195 234 545  1164  168  363  6  0  0  46.82  0  1  0  311
3196 1309 1570  2134  1060  479  16  0  1  73.57  0  0  0  261
3197 2259 3212  4553  1710  1435  26  0  0  70.55  0  0  1  953
1198 139 228  520  112  111  2  0  0  43.85  0  0  0  89
3199 247 312  395  192  118  1  0  0  78.99  0  0  0  65
3200 1227 1749  2557  1087  626  17  0  0  68.40  0  0  0  522
4201 292 528  1146  122  396  3  0  0  46.07  0  0  0  236
4202 367 874  1672  491  363  12  0  0  52.27  0  0  0  507
4203 671 1002  1891  487  491  12  0  0  52.99  0  0  0  331
4204 1171 1736  3250  996  684  21  0  1  53.42  0  0  0  565
2205 1210 1772  2452  1169  556  16  0  2  72.27  0  0  0  562
1206 1394 1892  2853  1255  583  20  0  5  66.32  0  2  0  498
1207 1130 1386  2006  771  584  12  0  0  69.09  0  0  0  256
1208 2067 2660  3604  1798  810  20  0  2  73.81  0  4  0  593
3209 2055 2604  3408  1945  617  14  0  4  76.41  0  0  0  549
2210 253 406  807  216  177  5  0  0  50.31  0  0  1  153
1211 997 1249  1997  27  1214  0  0  0  62.54  0  0  0  252
3212 1247 1705  2686  983  696  10  0  1  63.48  0  0  0  458
3213 921 1191  1950  751  420  10  0  1  61.08  0  0  0  270
3214 1333 1740  2661  1144  564  10  0  2  65.39  0  0  0  407
3215 950 1192  1648  835  323  10  0  3  72.33  0  2  0  242
3216 1489 2152  3121  1297  815  16  0  1  68.95  0  1  0  663
2217 912 1355  2355  573  754  11  0  0  57.54  0  0  0  443
4218 480 678  1376  392  272  3  0  1  49.27  0  0  0  198
2219 1349 1795  2410  1047  714  14  0  2  74.48  0  1  0  446
2220 1566 1949  2547  1300  625  12  0  1  76.52  0  0  0  383
2221 2179 2862  3815  1591  1250  9  0  0  75.02  0  0  1  683
4222 354 719  1307  385  320  6  0  0  55.01  0  0  0  365
2223 1130 1418  1888  1038  352  10  0  3  75.11  0  0  0  288
2224 925 1230  2036  538  671  7  0  2  60.41  0  0  0  305
2225 572 933  1949  281  628  3  0  1  47.87  0  0  0  361
2226 661 857  1617  310  533  3  0  0  53.00  0  0  1  196
1227 1644 2170  3154  671  1465  12  0  1  68.80  0  0  0  526
2228 1226 1694  2191  1144  525  10  0  0  77.32  0  0  0  468
2229 1098 1552  2265  888  634  11  0  1  68.52  0  1  0  454
4230 1784 2410  3393  1548  830  19  0  0  71.03  0  0  0  626
4231 362 566  1239  124  433  2  0  0  45.68  0  0  0  204
4232 1190 1802  3076  989  771  22  0  1  58.58  0  0  0  612
4233 109 230  507  63  157  3  0  0  45.36  0  0  0  121
3234 1573 2183  3097  1457  688  16  0  5  70.49  0  0  0  610
2235 779 1130  1979  522  585  8  0  0  57.10  0  0  0  351
1236 256 426  595  194  224  5  0  0  71.60  0  0  0  170
1237 183 352  746  139  197  5  0  0  47.18  0  0  0  169
1238 1496 1993  3003  816  1139  10  0  2  66.37  0  1  0  497
1239 0 0  0  0  0  0  0  0  0.00  0  0  0  0
3240 1120 1514  2152  975  518  6  0  0  70.35  0  0  0  394
1241 140 196  382  58  133  3  0  0  51.31  0  0  0  56
4242 243 376  590  266  98  6  0  0  63.73  0  0  0  133
4243 233 432  792  239  175  7  1  1  54.55  0  0  0  199
1244 986 1303  2110  324  964  3  0  0  61.75  0  0  1  317
1245 8 11  37  0  10  0  0  0  29.73  0  0  0  3
2246 742 950  1222  636  296  4  0  0  77.74  0  0  0  208
3247 827 1122  1897  569  525  10  0  3  59.15  0  0  0  295
3248 2465 3138  4034  2198  895  16  0  2  77.79  0  0  0  673
3249 1554 2176  3296  1295  843  18  0  0  66.02  0  0  0  622
4250 1018 1420  2320  873  523  12  0  1  61.21  0  0  0  402
1251 2834 3600  5092  852  2692  18  0  2  70.70  0  0  0  766
4252 433 713  1092  386  317  1  0  2  65.29  0  0  0  280
4253 178 333  546  162  167  2  0  0  60.99  0  0  0  155
3254 1030 1505  2406  847  627  16  0  5  62.55  0  0  0  475
1255 1412 1781  2461  716  1033  8  0  0  72.37  0  0  0  369
4256 133 276  621  92  171  4  0  1  44.44  0  0  0  143
1257 811 1086  1700  447  613  10  0  1  63.88  0  0  0  275
2258 240 373  581  253  117  0  0  1  64.20  0  0  0  133
4259 541 814  1057  573  223  3  0  3  77.01  0  0  0  273
3260 842 1127  1551  790  318  7  0  2  72.66  0  0  0  285
4261 1315 1925  3224  1069  814  19  0  2  59.71  0  0  0  610
2262 438 663  1030  455  187  5  0  0  64.37  0  0  0  225
2263 739 1136  2345  516  587  9  0  0  48.44  0  0  1  397
1264 1054 1317  1806  842  452  10  0  0  72.92  0  0  0  263
1265 1178 1458  2085  648  790  8  0  2  69.93  0  1  0  280
2266 1698 2258  3110  1461  755  15  0  0  72.60  0  0  0  560
2267 941 1374  2545  560  783  12  0  0  53.99  0  1  0  433
2268 583 793  1402  382  386  7  0  0  56.56  0  0  0  210
2269 628 790  1600  366  410  2  0  0  49.38  0  0  0  162
1270 392 542  985  236  293  4  0  0  55.03  0  0  0  150
1271 2579 3701  5119  2553  1086  24  0  1  72.30  0  0  0  1122
4272 150 217  333  130  82  2  0  0  65.17  0  0  0  67
1273 324 594  1095  282  302  3  0  0  54.25  0  0  0  270
1274 137 150  249  2  147  0  0  0  60.24  0  0  0  13
2275 413 533  841  223  296  2  0  0  63.38  0  0  0  120
4276 747 1243  1852  745  476  11  0  2  67.12  0  2  0  496
1277 787 966  1372  526  416  10  0  2  70.41  0  0  0  179
1278 459 587  885  133  449  1  0  0  66.33  0  0  0  128
1279 1256 1591  2362  482  1074  7  0  0  67.36  0  2  0  335
2280 1180 1648  2333  961  651  17  0  2  70.64  0  0  0  468
2281 745 999  1442  567  418  7  0  0  69.28  0  0  0  254
3282 987 1286  1857  878  379  6  0  1  69.25  0  0  0  299
3283 874 1220  1697  817  384  10  0  0  71.89  0  0  0  346
4284 122 158  243  117  37  1  0  0  65.02  0  0  0  36
4285 214 298  771  142  153  2  0  0  38.65  0  0  0  84
3286 1199 1578  2097  1226  328  11  0  1  75.25  0  0  0  379
3287 1045 1593  2582  1062  494  11  0  1  61.70  0  0  0  548
4288 53 83  151  5  78  0  0  0  54.97  0  0  0  30
3289 1220 1671  2805  1025  605  16  0  1  59.57  0  0  0  451
4290 1173 1527  2548  939  557  12  0  3  59.93  0  0  0  354
1291 1202 1547  2306  35  1502  3  0  2  67.09  0  0  0  345
1292 831 1095  1828  297  770  3  0  4  59.90  0  0  0  264
1293 615 796  1346  148  633  6  0  0  59.14  0  0  0  181
1294 1053 1461  2353  925  499  13  0  0  62.09  0  0  0  408
1295 316 492  917  160  327  1  0  0  53.65  0  0  0  176
1296 1482 1857  2662  1187  642  9  0  1  69.76  0  0  0  375
1297 1469 1795  2894  29  1750  3  0  0  62.02  0  0  0  326
1298 511 804  1278  363  423  11  0  0  62.91  0  0  0  293
1299 92 177  336  56  117  1  0  0  52.68  0  0  0  85
1300 1001 1374  2122  555  801  3  0  1  64.75  0  0  1  373
1301 1080 1241  1790  131  1093  3  0  0  69.33  0  0  0  161
1302 55 89  87  64  24  0  0  0  102.30  0  0  0  34
2303 904 1205  1664  802  382  12  0  1  72.42  0  0  0  301
2304 1311 1648  2137  1155  469  7  0  1  77.12  0  0  1  337
2305 1272 1697  2324  972  698  8  0  0  73.02  0  0  0  425
2306 1155 1503  2091  1026  462  9  0  0  71.88  0  0  0  348
2307 2044 2627  3479  1649  945  14  0  2  75.51  0  1  0  583
2308 1082 1426  2270  819  580  11  0  0  62.82  0  0  0  344
2309 404 601  1199  297  282  9  0  0  50.13  0  0  0  197
2310 1003 1353  2153  764  566  7  0  0  62.84  0  0  0  350
1311 1029 1283  1821  269  997  7  0  1  70.46  0  0  0  254
1312 423 565  1060  151  400  6  0  2  53.30  0  0  0  142
2313 1270 1728  2333  1156  544  7  0  0  74.07  0  1  0  458
2314 1954 2508  3434  1662  798  16  0  3  73.03  0  1  0  554
2315 888 1164  1946  435  710  1  0  0  59.82  0  0  0  276
2316 951 1247  1875  630  590  8  0  2  66.51  0  0  0  296
2317 699 961  1265  626  317  10  0  0  75.97  0  0  0  262
2318 911 1239  1806  812  400  10  0  2  68.60  0  0  0  328
2319 1287 1746  2439  1107  609  13  0  0  71.59  0  1  1  459
2320 1471 2102  3735  626  1432  14  0  0  56.28  0  2  0  631
3321 1958 2602  4023  1643  909  21  0  2  64.68  0  0  1  644
3322 1212 1701  2217  1121  554  14  0  1  76.73  0  0  0  489
3323 1966 2416  3121  1751  624  13  0  6  77.41  0  0  0  450
3324 1196 1572  2398  1064  471  11  0  4  65.55  0  0  0  376
3325 470 707  1046  468  218  11  0  0  67.59  0  0  0  237
3326 389 562  983  333  214  1  0  1  57.17  0  0  0  173
3327 940 1288  1743  877  386  10  0  2  73.90  0  0  0  348
4328 610 820  1559  481  320  5  0  0  52.60  0  0  0  210
3329 1081 1540  2390  803  699  14  0  0  64.44  0  0  0  459
3330 782 924  1180  671  236  9  0  0  78.31  0  0  0  142
3331 1949 2480  3253  1937  521  10  0  0  76.24  0  0  0  531
3332 1197 1450  3180  837  571  14  0  4  45.60  0  0  0  253
3333 1932 2575  3713  1583  948  18  0  2  69.35  0  0  0  643
3334 903 1358  2159  797  535  9  0  0  62.90  0  1  0  455
3335 1164 1606  2246  1069  495  15  0  0  71.50  0  0  0  442
3336 930 1364  2175  710  636  4  1  2  62.71  0  0  0  434
1337 1276 1610  2055  1165  426  7  0  1  78.35  0  0  0  334
4338 1224 1814  2656  1084  697  18  0  0  68.30  0  0  1  590
1339 1401 1893  2838  1168  697  9  0  5  66.70  0  0  0  492
4340 907 1288  2104  897  355  14  0  1  61.22  0  1  0  381
1341 246 275  416  2  270  0  0  0  66.11  0  0  0  29
4342 1132 1622  2154  1061  537  16  0  0  75.30  0  0  1  490
4343 821 1068  1396  742  308  8  0  0  76.50  0  0  0  247
4344 679 994  1311  603  376  3  0  2  75.82  0  0  0  315
4345 333 583  971  253  305  9  0  3  60.04  0  0  0  250
1346 527 724  1458  6  707  0  0  0  49.66  0  0  0  197
1347 3692 4425  5645  2331  2037  20  0  0  78.39  0  1  0  733
1348 250 316  444  220  92  3  0  0  71.17  0  0  0  66
1349 81 86  147  41  42  1  0  0  58.50  0  0  0  5
4350 549 956  1432  470  467  6  0  2  66.76  0  0  0  407
1351 0 0  0  0  0  0  0  0  0.00  0  0  0  0
2352 1525 1937  2764  1155  743  9  0  1  70.08  0  0  1  412
2353 571 794  1336  329  453  3  0  0  59.43  0  0  0  223
2354 996 1528  2448  622  879  9  0  0  62.42  0  0  0  532
2355 687 908  1325  601  291  10  0  0  68.53  0  0  0  221
2356 1500 2069  3059  1129  896  16  0  3  67.64  0  0  0  569
2357 1320 1651  2232  1133  484  6  0  0  73.97  0  0  0  331
2358 1361 1759  2501  1151  586  10  0  1  70.33  0  0  1  398
3359 1362 1711  2356  1223  469  5  0  0  72.62  0  0  0  349
2360 3584 4569  5918  2806  1719  14  0  2  77.21  0  1  0  985
3361 1168 1630  2406  1065  536  6  0  0  67.75  0  0  1  462
4362 2 3  12  3  0  0  0  0  25.00  0  0  0  1
3363 1682 2472  3304  1883  558  14  0  0  74.82  0  0  0  790
3364 344 457  774  267  180  2  0  0  59.04  0  0  0  113
3365 1953 2442  3242  1838  569  12  0  0  75.32  0  1  0  489
3366 0 5  2  5  0  0  0  0  250.00  0  0  0  5
3367 116 155  215  117  36  0  0  0  72.09  0  0  0  39
3368 442 615  845  446  163  1  0  1  72.78  0  0  0  173
4369 1217 1808  2481  1130  645  11  0  6  72.87  0  0  0  591
4370 0 0  0  0  0  0  0  0  0.00  0  0  0  0
4371 344 474  634  380  85  1  0  0  74.76  0  1  0  130
3372 2847 3869  5379  2490  1318  26  0  3  71.93  0  1  0  1022
4373 82 106  209  64  41  0  0  0  50.72  0  0  0  24
4374 1033 1396  2218  788  569  11  0  13  62.94  0  0  0  363
4375 930 1346  1856  995  332  7  0  0  72.52  0  0  1  416
1376 4 7  13  3  4  0  0  0  53.85  0  0  0  3
1377 2048 2586  3846  1416  1130  13  0  2  67.24  0  1  0  538
1378 2747 3668  5370  1232  2385  12  0  1  68.31  0  0  1  921
2379 2881 3702  4859  1482  2189  11  0  1  76.19  0  0  1  821
1380 937 1226  1895  585  609  10  0  1  64.70  0  0  0  289
2381 1424 1954  3272  621  1307  9  0  2  59.72  0  0  0  530
3382 768 1015  1788  341  655  8  1  0  56.77  0  0  0  247
2383 1089 1526  2413  635  868  5  0  0  63.24  0  0  0  437
3384 800 1120  1617  685  405  12  0  1  69.26  0  0  0  320
3385 1671 2151  2793  1509  605  18  0  1  77.01  0  1  0  480
3386 2257 3026  4349  2162  807  16  0  4  69.58  0  0  0  769
3387 1146 1582  2091  1156  392  16  0  3  75.66  0  0  0  436
1388 1071 1526  2656  572  916  15  0  3  57.45  0  0  0  455
3389 1617 2359  3602  1325  991  15  0  1  65.49  0  0  0  742
3390 2048 2636  3453  1949  647  19  0  3  76.34  0  0  0  588
3391 1120 1591  2669  784  778  9  0  1  59.61  0  0  0  471
3392 1372 1791  2361  1295  475  7  0  3  75.86  0  0  0  419
2393 619 825  1449  380  424  2  0  0  56.94  0  0  0  206
4394 154 223  421  159  56  1  0  0  52.97  0  0  0  69
4395 239 363  615  272  85  2  0  0  59.02  0  0  0  124
3396 1858 2532  3352  1638  850  20  0  4  75.54  0  1  1  674
4397 139 240  407  152  85  0  0  0  58.97  0  0  0  101
3398 710 1092  1683  679  385  13  0  0  64.88  0  0  0  382
3399 123 146  175  108  32  0  0  2  83.43  0  0  0  23
4400 74 153  317  103  49  1  0  0  48.26  0  0  0  79
2401 168 198  334  131  63  0  0  1  59.28  0  0  0  30
2402 18 24  104  7  17  0  0  0  23.08  0  0  0  6
2403 9 13  47  3  9  0  0  0  27.66  0  0  0  4
3404 170 213  348  101  104  2  0  0  61.21  0  0  0  43
2405 1928 2547  3670  945  1567  11  0  0  69.40  0  0  0  619
3406 0 0  0  0  0  0  0  0  0.00  0  0  0  0
3407 27 34  45  19  14  0  0  0  75.56  0  0  0  7
1408 231 385  682  187  187  7  0  0  56.45  0  0  0  154
3409 19 31  73  18  12  0  0  0  42.47  0  0  0  12
4410 1181 1723  2792  957  735  7  0  5  61.71  0  0  0  542
2411 117 198  570  60  134  1  0  0  34.74  0  0  0  81
2412 143 201  345  30  164  1  0  0  58.26  0  0  0  58
2413 203 275  567  106  162  4  0  0  48.50  0  0  0  72
3414 28 44  90  25  18  0  0  0  48.89  0  1  0  16
1415 254 365  769  65  286  2  0  2  47.46  0  0  0  111
3416 39 64  113  36  26  2  0  0  56.64  0  0  0  25
3417 371 464  658  283  176  3  0  0  70.52  0  0  0  93
4418 0 0  0  0  0  0  0  0  0.00  0  0  0  0
1419 0 0  0  0  0  0  0  0  0.00  0  0  0  0
1420 0 0  0  0  0  0  0  0  0.00  0  0  0  0
3421 753 927  1196  696  217  6  0  0  77.51  0  0  0  174
3422 1421 1891  2486  1455  408  9  0  3  76.07  1  0  0  470
1423 1433 1822  2254  1363  431  11  0  0  80.83  0  0  0  389
3424 481 551  738  442  102  2  0  0  74.66  0  0  0  70
2425 1161 1476  2335  708  745  9  0  1  63.21  0  0  0  315
2426 1254 1749  2433  1189  535  10  0  0  71.89  0  0  0  495
2427 18 30  95  2  26  1  0  1  31.58  0  0  0  12
1428 111 133  239  21  111  0  0  1  55.65  0  0  0  22
4429 145 257  265  162  89  3  0  0  96.98  0  0  0  112
3430 4 6  14  2  4  0  0  0  42.86  0  0  0  2
2431 4 5  18  2  3  0  0  0  27.78  0  0  0  1
4432 19 35  195  9  26  0  0  0  17.95  0  0  0  16
3433 226 292  376  205  78  3  0  1  77.66  0  0  0  66
4434 19 34  72  12  22  0  0  0  47.22  0  0  0  15
1435 146 224  305  128  95  1  0  0  73.44  0  0  0  78
4436 24 45  83  36  8  0  0  0  54.22  0  0  0  21
1437 392 497  674  287  200  4  0  0  73.74  0  0  0  105
2438 1149 1525  2321  596  912  4  0  1  65.70  0  1  0  376
2439 72 96  134  40  55  0  0  0  71.64  0  0  0  24
1440 906 1224  1921  291  918  3  0  0  63.72  0  0  0  318
3441 143 189  382  47  137  2  0  0  49.48  0  0  0  46
3442 266 356  634  96  251  5  0  0  56.15  0  0  0  90
3443 1137 1672  2307  1056  586  15  0  1  72.48  0  1  0  535
2444 0 0  0  0  0  0  0  0  0.00  0  0  0  0
3445 8 12  39  5  7  0  0  0  30.77  0  0  0  4
1446 2 3  5  3  0  0  0  0  60.00  0  0  0  1
1447 1 4  6  3  0  0  0  0  66.67  0  0  0  3
2448 1413 1909  2923  735  1141  11  0  2  65.31  0  0  0  496
2449 932 1333  2075  537  771  7  0  2  64.24  0  0  0  401
2450 1091 1478  2283  555  902  7  0  0  64.74  0  0  0  387
2451 84 107  206  22  84  0  0  0  51.94  0  0  0  23
4452 575 774  1133  388  378  3  0  1  68.31  0  0  0  199
2453 389 493  603  186  300  2  0  0  81.76  0  0  0  104
4454 2095 2851  4449  1921  878  20  0  3  64.08  0  0  0  756
3455 477 707  1249  216  470  9  0  2  56.61  0  1  0  230
4456 538 839  1073  570  256  7  0  0  78.19  0  0  0  301
3457 0 0  0  0  0  0  0  0  0.00  0  0  0  0
4458 0 0  0  0  0  0  0  0  0.00  0  0  0  0
1459 1138 1445  2160  465  952  6  0  1  66.90  0  0  1  307
1460 1238 1716  3084  339  1351  5  0  1  55.64  0  0  0  478
2461 868 1300  2327  342  935  1  0  0  55.87  0  0  0  432
2462 855 1137  1754  457  661  11  0  2  64.82  0  1  0  282
1463 606 873  1845  238  615  7  0  1  47.32  0  0  0  267
2464 275 334  442  226  106  1  0  0  75.57  0  0  0  59
3465 2400 3326  4500  2108  1172  18  0  6  73.91  0  0  0  926
2466 594 778  1201  284  476  0  0  3  64.78  0  1  0  184
2467 1267 1662  2715  652  978  9  0  1  61.22  0  0  0  395
2468 1268 1642  2300  972  646  9  0  5  71.39  0  0  0  374
3469 764 948  1254  626  311  7  0  0  75.60  0  0  0  184
3470 58 75  118  52  23  0  0  0  63.56  0  0  0  17
3471 927 1199  1498  898  285  9  0  0  80.04  0  0  0  272
1472 0 0  0  0  0  0  0  0  0.00  0  0  0  0
1473 31 52  120  25  26  1  0  0  43.33  0  0  0  21
1474 51 92  239  36  50  2  0  0  38.49  0  0  0  41
1475 72 126  287  28  94  1  0  0  43.90  0  0  0  54
1476 34 46  94  20  24  1  0  0  48.94  0  0  0  12
1477 346 497  915  29  461  1  0  0  54.32  0  0  0  151
1478 194 289  555  200  80  0  0  3  52.07  0  0  0  95
1479 156 219  388  70  147  1  0  1  56.44  0  0  0  63
1480 366 448  564  340  101  2  0  0  79.43  0  1  0  82
1481 112 191  438  60  124  1  0  0  43.61  0  0  0  79
1482 204 309  674  56  248  1  0  0  45.85  0  0  0  105
1483 3 3  54  0  3  0  0  0  5.56  0  0  0  0
2484 683 936  1450  284  642  4  0  1  64.55  0  0  0  253
1485 0 3  9  3  0  0  0  0  33.33  0  0  0  3
3486 3337 4294  5664  2818  1407  28  0  5  75.81  0  0  1  957
1487 1 5  10  1  4  0  0  0  50.00  0  0  0  4
2488 1661 2275  3216  926  1317  10  0  1  70.74  0  0  0  614
1489 1078 1466  2278  439  1006  5  0  3  64.35  0  0  0  388
1490 245 318  531  89  223  3  0  0  59.89  0  0  0  73
3491 54 88  115  46  40  0  0  0  76.52  0  0  0  34
4492 38 46  111  17  29  0  0  0  41.44  0  0  0  8
4493 167 238  414  108  127  2  0  0  57.49  0  0  0  71
4494 5 8  28  5  3  0  0  0  28.57  0  0  0  3
4495 33 37  72  18  18  0  0  0  51.39  0  0  0  4
4496 224 322  649  99  213  3  0  0  49.61  0  0  0  98
4497 827 1315  2799  514  774  7  0  1  46.98  0  0  0  488
4498 376 494  598  321  164  6  0  0  82.61  0  0  0  118
4499 1139 1719  2732  926  762  6  0  1  62.92  0  0  0  580
1500 0 0  0  0  0  0  0  0  0.00  0  0  0  0
4501 7 9  30  2  7  0  0  0  30.00  0  0  0  2
1502 21 26  66  9  17  0  0  0  39.39  0  0  0  5
4503 289 450  859  187  245  3  0  2  52.39  0  1  0  161
1504 1137 1629  2321  1237  363  13  0  1  70.19  0  2  0  492
2505 914 1165  1630  789  362  8  0  0  71.47  0  1  0  251
2506 1221 1738  2621  1028  673  12  0  1  66.31  0  0  0  517
3507 1051 1552  2598  963  552  17  0  1  59.74  0  0  1  501
4508 896 1322  2122  861  436  6  0  0  62.30  0  0  0  426
3509 810 1318  2095  859  430  11  0  0  62.91  0  0  0  508
3510 1854 2267  2936  1693  523  29  0  0  77.21  0  0  0  413
3511 1314 1791  2898  848  904  15  0  3  61.80  0  0  0  477
4512 0 0  0  0  0  0  0  0  0.00  0  0  0  0
2513 30 47  115  18  28  0  0  0  40.87  0  0  0  17
1514 0 0  0  0  0  0  0  0  0.00  0  0  0  0
1515 20 26  59  15  8  0  0  0  44.07  0  0  0  6
3516 1138 1514  1964  1090  401  7  0  2  77.09  0  0  0  376
3517 1066 1416  2420  790  594  14  0  1  58.51  0  0  0  350
4518 70 113  223  55  56  1  0  0  50.67  0  0  0  43
2519 548 676  1065  291  368  3  0  0  63.47  0  0  0  128
2520 939 1312  1922  738  546  11  0  0  68.26  0  1  0  373
2521 610 884  1312  535  329  8  0  0  67.38  0  0  0  274
2522 1505 2039  2964  1281  720  16  0  1  68.79  0  0  0  534
2523 725 1011  1634  393  605  2  0  0  61.87  0  0  0  286
2524 1436 1746  2222  1382  346  10  0  3  78.58  0  0  0  310
2525 1315 1807  2715  588  1192  7  0  1  66.56  0  0  0  492
3526 684 868  1196  638  219  6  0  1  72.58  0  0  0  184
3527 1156 1583  2282  1099  454  17  0  0  69.37  0  0  0  427
4528 1702 2401  3568  1523  845  11  0  4  67.29  0  0  0  699
3529 1094 1446  1959  1068  364  7  0  0  73.81  0  0  0  352
3530 1194 1601  2137  1072  510  5  0  0  74.92  0  0  0  407
4531 1391 1888  2891  1258  602  8  0  1  65.31  0  0  0  497
4532 582 857  1159  643  200  4  0  1  73.94  0  0  0  275
4533 629 917  1616  615  285  7  0  1  56.75  0  0  0  288
4534 1342 2053  3056  1259  759  9  0  1  67.18  0  0  0  711
2535 901 1174  1562  799  349  9  0  2  75.16  0  0  0  273
2536 983 1286  1859  691  563  16  0  2  69.18  0  0  1  303
2537 791 1079  1961  343  709  13  0  1  55.02  0  0  0  288
3538 867 1088  1459  791  289  1  0  0  74.57  0  0  0  221
3539 3 5  8  4  1  0  0  0  62.50  0  0  0  2
4540 1766 2402  3741  1384  979  19  0  1  64.21  0  0  0  636
2541 1312 1779  2509  695  1064  9  0  2  70.90  0  0  0  467
3542 1177 1650  2307  1072  551  13  0  0  71.52  0  2  0  473
3543 741 1068  1547  720  335  5  0  0  69.04  0  1  0  327
2544 0 0  7  0  0  0  0  0  0.00  0  0  0  0
3545 1403 1768  2336  1300  443  11  0  1  75.68  0  0  0  365
2546 19 26  77  4  21  1  0  0  33.77  0  0  0  7
1547 1 1  0  0  1  0  0  0  0.00  0  0  0  0
2548 823 1084  1477  795  278  5  0  0  73.39  0  0  0  261
3549 154 175  232  119  50  1  0  0  75.43  0  0  0  21
2550 0 0  0  0  0  0  0  0  0.00  0  0  0  0
4551 2807 4099  5906  2471  1568  20  0  2  69.40  0  1  0  1292
3552 1960 2706  3541  1675  990  17  0  3  76.42  0  0  0  746
2553 675 893  1481  376  502  4  0  1  60.30  0  0  0  218
3554 1563 2019  2732  1489  504  16  0  0  73.90  0  0  0  456
1555 10 12  34  0  12  0  0  0  35.29  0  0  0  2
2556 941 1401  2033  905  479  7  0  2  68.91  0  0  0  460
2557 2354 3229  4247  1937  1255  14  0  0  76.03  1  0  0  875
3558 1900 2395  3214  1750  620  9  0  1  74.52  0  0  0  495
3559 1126 1403  1878  1067  320  9  0  2  74.71  0  0  0  277
1560 0 0  0  0  0  0  0  0  0.00  0  0  0  0
3561 0 0  0  0  0  0  0  0  0.00  0  0  0  0
3562 66 80  97  60  17  1  0  0  82.47  0  0  0  14
4563 0 0  0  0  0  0  0  0  0.00  0  0  0  0
3564 0 0  0  0  0  0  0  0  0.00  0  0  0  0
1565 0 0  0  0  0  0  0  0  0.00  0  0  0  0
3566 0 0  0  0  0  0  0  0  0.00  0  0  0  0
1567 67 87  139  19  66  1  0  0  62.59  0  0  0  20
1568 25 36  47  17  19  0  0  0  76.60  0  0  0  11
2569 316 450  1018  126  315  1  0  0  44.20  0  0  0  134
3570 957 1428  2035  928  486  6  0  1  70.17  0  0  0  471
2571 1 1  4  0  1  0  0  0  25.00  0  0  0  0
1572 2 4  9  1  3  0  0  0  44.44  0  0  0  2
1573 26 30  46  12  17  1  0  0  65.22  0  0  0  4
3574 2 3  5  3  0  0  0  0  60.00  0  0  0  1
3575 0 0  0  0  0  0  0  0  0.00  0  0  0  0
3576 0 0  0  0  0  0  0  0  0.00  0  0  0  0
4577 35 54  150  34  20  0  0  0  36.00  0  0  0  19
4578 0 0  0  0  0  0  0  0  0.00  0  0  0  0
3579 460 583  754  435  141  3  0  0  77.32  0  0  0  123
3580 0 0  1  0  0  0  0  0  0.00  0  0  0  0
2581 1116 1484  2277  675  788  8  0  1  65.17  0  0  0  368
3582 0 0  0  0  0  0  0  0  0.00  0  0  0  0
3583 0 0  0  0  0  0  0  0  0.00  0  0  0  0
3584 0 0  0  0  0  0  0  0  0.00  0  0  0  0
3585 0 0  0  0  0  0  0  0  0.00  0  0  0  0
3586 0 1  3  1  0  0  0  0  33.33  0  0  0  1
4587 145 192  341  9  181  0  0  0  56.30  0  0  0  47
3588 1929 2636  3799  1653  943  18  0  1  69.39  0  0  0  707
3589 0 0  0  0  0  0  0  0  0.00  0  0  0  0
3590 0 0  0  0  0  0  0  0  0.00  0  0  0  0
4591 774 1133  1515  714  406  3  0  1  74.79  0  0  0  359
1592 2 3  14  1  2  0  0  0  21.43  0  0  0  1
1593 0 0  0  0  0  0  0  0  0.00  0  0  0  0
1594 0 0  5  0  0  0  0  0  0.00  0  0  0  0
1595 0 0  0  0  0  0  0  0  0.00  0  0  0  0
1596 0 0  0  0  0  0  0  0  0.00  0  0  0  0
1597 151 237  488  54  177  5  0  0  48.57  0  0  0  86
1598 0 0  0  0  0  0  0  0  0.00  0  0  0  0
3599 509 692  828  418  264  5  0  1  83.57  0  0  0  183
1600 0 0  0  0  0  0  0  0  0.00  0  0  0  0
1601 0 0  0  0  0  0  0  0  0.00  0  0  0  0
1602 10 12  19  3  9  0  0  0  63.16  0  0  0  2
1603 110 157  244  58  94  2  0  0  64.34  0  1  0  47
1604 68 90  109  26  63  0  0  0  82.57  0  0  0  22
1605 0 0  0  0  0  0  0  0  0.00  0  0  0  0
1606 12 17  23  9  8  0  0  0  73.91  0  0  0  5
1607 0 0  0  0  0  0  0  0  0.00  0  0  0  0
2608 168 211  316  55  151  1  0  0  66.77  0  0  0  43
2609 0 0  0  0  0  0  0  0  0.00  0  0  0  0
2610 0 0  0  0  0  0  0  0  0.00  0  0  0  0
2611 0 0  0  0  0  0  0  0  0.00  0  0  0  0
2612 0 0  0  0  0  0  0  0  0.00  0  0  0  0
2613 287 400  578  119  275  2  0  1  69.20  0  0  0  113
2614 11 15  23  11  3  0  0  0  65.22  0  0  0  4
1615 0 0  0  0  0  0  0  0  0.00  0  0  0  0
2616 0 0  0  0  0  0  0  0  0.00  0  0  0  0
2617 0 0  0  0  0  0  0  0  0.00  0  0  0  0
2618 0 0  0  0  0  0  0  0  0.00  0  0  0  0
2619 0 0  0  0  0  0  0  0  0.00  0  0  0  0
4620 24 34  128  17  17  0  0  0  26.56  0  0  0  10
3621 0 0  0  0  0  0  0  0  0.00  0  0  0  0
4622 0 0  0  0  0  0  0  0  0.00  0  0  0  0
3623 112 141  189  113  26  0  0  0  74.60  0  0  1  29
3624 101 128  179  94  30  3  0  0  71.51  0  0  0  27
3625 0 0  0  0  0  0  0  0  0.00  0  0  0  0
3626 180 235  316  164  67  1  0  0  74.37  0  0  0  55
3627 19 20  40  6  14  0  0  0  50.00  0  0  0  1
3628 0 0  0  0  0  0  0  0  0.00  0  0  0  0
4629 0 0  0  0  0  0  0  0  0.00  0  0  0  0
4630 0 0  1  0  0  0  0  0  0.00  0  0  0  0
3631 0 0  0  0  0  0  0  0  0.00  0  0  0  0
4632 0 0  0  0  0  0  0  0  0.00  0  0  0  0
3633 12 13  52  9  4  0  0  0  25.00  0  0  0  1
3634 18 22  39  15  7  0  0  0  56.41  0  0  0  4
2635 1868 2395  3633  940  1427  10  0  0  65.92  0  1  0  527
2636 1066 1466  2274  935  500  9  0  3  64.47  0  0  1  400
3637 1924 2647  3612  1663  950  17  0  2  73.28  1  0  0  723
4638 975 1407  1889  867  523  7  0  0  74.48  0  0  0  432