1001 209 270  342  78.95  0  1  267  61
1002 430 537  786  68.32  0  1  532  107
2003 726 1083  1511  71.67  0  1  1073  357
1004 1272 1637  2314  70.74  0  1  1621  365
1005 114 144  223  64.57  0  0  141  30
4006 165 259  566  45.76  0  2  254  94
2007 1325 1731  2323  74.52  0  1  1721  406
1008 150 234  369  63.41  0  0  230  84
1009 587 832  1176  70.75  0  0  817  245
1010 183 220  510  43.14  0  1  219  37
1011 263 387  933  41.48  0  0  383  124
1012 922 1228  1817  67.58  0  0  1213  306
1013 1393 1632  2431  67.13  0  1  1613  239
1014 219 416  736  56.52  0  1  412  197
1015 59 118  241  48.96  0  0  117  59
4016 654 1062  1459  72.79  0  0  1053  408
4017 763 1180  2580  45.74  0  0  1168  417
4018 474 702  1203  58.35  0  1  696  228
1019 208 346  704  49.15  0  0  339  138
4020 663 929  1864  49.84  0  1  913  266
1021 1503 2010  2777  72.38  0  2  1989  507
1022 702 937  1227  76.37  0  1  933  235
1023 1532 2166  3283  65.98  0  3  2133  634
1024 1358 1923  2941  65.39  0  0  1906  565
1025 825 1228  2020  60.79  0  1  1219  403
2026 1086 1471  2210  66.56  0  2  1446  385
2027 528 801  1441  55.59  0  0  789  273
2028 680 932  1321  70.55  0  0  929  252
2029 1753 2169  3205  67.68  0  0  2144  416
2030 1467 1990  3099  64.21  0  1  1971  523
2031 1770 2258  2948  76.59  0  0  2249  488
3032 783 1011  1465  69.01  0  1  1000  228
2033 974 1320  2341  56.39  0  0  1297  346
1034 1581 2317  3310  70.00  0  1  2296  736
3035 1817 2381  3204  74.31  0  1  2367  564
3036 800 1232  2217  55.57  0  0  1218  432
3037 1571 2022  2827  71.52  0  0  2004  451
3038 1430 1939  3001  64.61  0  1  1924  509
3039 1637 2226  3048  73.03  0  2  2207  589
3040 817 1108  1692  65.48  0  2  1093  291
3041 931 1397  2604  53.65  1  4  1377  466
4042 454 738  1623  45.47  0  0  720  284
3043 1316 2118  2772  76.41  0  1  2103  802
4044 1584 2297  3121  73.60  0  1  2277  713
4045 1429 1921  2530  75.93  0  0  1902  492
4046 1652 2182  3399  64.20  0  1  2160  530
4047 895 1411  2507  56.28  0  1  1397  516
4048 139 285  737  38.67  0  0  280  146
3049 1309 1712  2286  74.89  0  3  1704  403
4050 427 606  1226  49.43  0  1  601  179
4051 75 109  333  32.73  0  0  107  34
2052 1062 1384  2277  60.78  0  2  1366  322
4053 421 658  1083  60.76  0  1  650  237
3054 1782 2422  3392  71.40  0  0  2406  640
2055 1145 1510  2047  73.77  0  1  1491  365
1056 123 256  1088  23.53  0  0  252  133
4057 342 687  1148  59.84  0  1  683  345
1058 200 259  466  55.58  0  0  256  59
1059 193 236  411  57.42  0  1  234  43
4060 441 909  1494  60.84  0  1  901  468
1061 76 127  215  59.07  0  0  126  51
1062 339 642  880  72.95  0  0  633  303
3063 1673 2355  3509  67.11  0  0  2334  682
4064 2 2  3  66.67  0  0  2  0
4065 1194 1672  2513  66.53  0  1  1652  478
1066 253 386  743  51.95  0  1  382  133
4067 285 649  1278  50.78  0  1  638  364
4068 234 547  1146  47.73  0  1  544  313
4069 1414 2141  3128  68.45  0  1  2111  727
4070 1212 1615  2336  69.14  0  2  1604  403
4071 1025 1372  2626  52.25  0  1  1357  347
3072 1515 1866  2456  75.98  0  4  1857  351
1073 90 109  233  46.78  0  0  108  19
1074 230 346  826  41.89  0  0  344  116
1075 230 365  898  40.65  0  0  360  135
1076 413 716  924  77.49  0  6  711  303
4077 241 413  695  59.42  0  1  408  172
1078 367 459  730  62.88  0  0  457  92
1079 546 715  1253  57.06  0  0  711  169
1080 268 383  682  56.16  0  0  378  115
1081 899 1233  1802  68.42  0  1  1223  334
1082 179 303  586  51.71  0  0  299  124
1083 584 782  1516  51.58  0  0  775  198
4084 87 165  465  35.48  0  1  162  78
1085 52 92  165  55.76  0  0  91  40
4086 1276 1766  2282  77.39  0  0  1758  490
4087 89 214  470  45.53  0  0  210  125
1088 250 471  923  51.03  0  0  467  221
1089 741 910  1459  62.37  0  0  903  169
1090 760 937  1758  53.30  0  0  929  177
4091 1044 1456  2667  54.59  0  0  1438  412
4092 161 326  828  39.37  0  0  326  165
4093 591 859  1895  45.33  0  0  849  268
4094 635 898  1553  57.82  0  2  887  263
1095 424 623  774  80.49  0  2  622  199
4096 289 532  837  63.56  0  0  530  243
4097 269 554  1065  52.02  0  1  546  285
1098 722 942  1827  51.56  0  0  931  220
1099 413 553  948  58.33  0  0  545  140
2100 459 723  1484  48.72  0  1  711  264
4101 368 584  1102  52.99  0  1  573  216
4102 508 814  1832  44.43  0  0  800  306
1103 778 1033  1369  75.46  0  0  1026  255
1104 1316 1645  2446  67.25  0  0  1620  329
1105 1141 1343  1702  78.91  0  2  1324  202
1106 1274 1496  2481  60.30  0  0  1472  222
4107 266 425  983  43.23  0  0  416  159
1108 524 790  967  81.70  0  0  784  266
1109 269 443  951  46.58  0  0  439  174
4110 193 454  914  49.67  0  0  450  261
1111 812 1023  1383  73.97  0  2  1012  211
2112 1061 1428  1919  74.41  0  1  1409  367
4113 180 244  386  63.21  0  0  243  64
3114 1141 1546  2541  60.84  0  2  1534  405
4115 219 508  625  81.28  0  0  502  289
4116 832 1331  1771  75.16  0  1  1321  499
1117 848 1351  1824  74.07  1  1  1335  503
4118 544 733  1157  63.35  0  0  727  189
1119 2435 2958  4132  71.59  0  0  2932  523
1120 1330 1521  2324  65.45  0  1  1510  191
4121 663 1291  2126  60.72  0  2  1263  628
4122 433 794  1726  46.00  0  0  781  361
4123 274 459  1185  38.73  0  0  455  185
4124 502 779  1043  74.69  0  0  769  277
4125 464 959  1938  49.48  0  1  945  495
1126 1465 1831  2617  69.97  0  0  1811  366
1127 868 1061  1544  68.72  0  0  1051  193
4128 1101 1677  3155  53.15  0  0  1653  576
4129 536 795  1022  77.79  0  2  788  259
4130 1461 1909  2380  80.21  0  2  1898  448
3131 723 1155  1800  64.17  0  2  1142  432
1132 836 1026  1871  54.84  0  0  1018  190
1133 675 997  1508  66.11  0  1  984  322
1134 126 233  442  52.71  0  0  229  107
4135 588 835  1352  61.76  0  0  826  247
4136 604 1168  2257  51.75  0  0  1157  564
4137 531 951  1246  76.32  0  0  945  420
4138 300 677  1543  43.88  0  0  664  377
3139 565 791  1416  55.86  0  3  782  226
3140 1007 1266  1885  67.16  0  1  1244  259
4141 1121 1503  2692  55.83  0  2  1480  382
1142 692 928  1350  68.74  0  0  919  236
2143 683 905  1528  59.23  0  2  893  222
4144 455 891  1432  62.22  0  0  882  436
2145 527 857  1863  46.00  0  1  844  330
1146 987 1261  1731  72.85  0  0  1248  274
2147 605 865  1241  69.70  0  1  852  260
2148 498 681  1452  46.90  0  0  675  183
1149 1076 1357  2504  54.19  0  1  1344  281
1150 921 1190  1865  63.81  0  0  1169  269
1151 585 770  1243  61.95  0  1  763  185
1152 114 148  347  42.65  0  0  147  34
1153 994 1125  1596  70.49  0  0  1119  131
1154 346 517  1026  50.39  0  0  511  171
4155 557 1043  2181  47.82  0  0  1027  486
3156 1073 1318  1815  72.62  0  0  1310  245
3157 1035 1520  2579  58.94  0  3  1507  485
3158 1107 1576  2195  71.80  0  0  1561  469
4159 685 974  1885  51.67  0  3  958  289
3160 878 1391  2642  52.65  0  2  1372  513
2161 687 877  1553  56.47  0  2  866  190
4162 290 495  982  50.41  0  0  482  205
4163 592 890  1135  78.41  0  1  879  298
3164 783 1302  2166  60.11  0  1  1282  519
1165 475 809  1233  65.61  0  1  797  334
3166 915 1320  2505  52.69  0  3  1308  405
1167 792 1046  1486  70.39  0  1  1030  254
2168 688 1080  1927  56.05  0  1  1067  392
2169 389 579  1313  44.10  1  0  567  190
1170 1064 1443  2162  66.74  0  3  1427  379
2171 1330 1979  2824  70.08  0  0  1947  649
3172 1349 1803  2800  64.39  0  2  1777  454
2173 595 810  1061  76.34  0  0  806  215
2174 1317 1758  2750  63.93  0  1  1741  441
1175 344 509  755  67.42  0  1  501  165
3176 1555 2078  3222  64.49  0  1  2056  523
3177 972 1274  1779  71.61  0  3  1258  302
4178 1470 2024  2986  67.78  0  2  2011  554
4179 355 671  1245  53.90  0  1  667  316
2180 187 295  708  41.67  0  0  291  108
2181 1429 1957  2721  71.92  0  3  1936  528
4182 1382 2040  2696  75.67  0  0  2022  658
3183 1306 1799  2670  67.38  0  1  1773  493
1184 230 303  631  48.02  0  0  299  73
1185 193 285  419  68.02  0  1  280  92
1186 152 432  551  78.40  0  0  429  280
3187 671 1037  1665  62.28  0  0  1021  366
1188 327 428  662  64.65  0  0  420  101
1189 883 1484  2047  72.50  0  1  1469  601
2190 948 1446  3271  44.21  1  3  1424  498
4191 538 785  1321  59.42  0  0  777  247
3192 312 549  757  72.52  0  0  545  237
3193 1511 1870  2435  76.80  0  0  1853  359
3194 844 1342  2375  56.51  0  1  1321  498
4195 234 545  1164  46.82  0  1  539  311
3196 1309 1570  2134  73.57  0  2  1558  261
3197 2259 3212  4553  70.55  0  1  3173  953
1198 139 228  520  43.85  0  0  225  89
3199 247 312  395  78.99  0  0  311  65
3200 1227 1749  2557  68.40  0  2  1732  522
4201 292 528  1146  46.07  0  0  521  236
4202 367 874  1672  52.27  0  2  868  507
4203 671 1002  1891  52.99  0  1  991  331
4204 1171 1736  3250  53.42  0  1  1703  565
2205 1210 1772  2452  72.27  0  1  1744  562
1206 1394 1892  2853  66.32  0  0  1865  498
1207 1130 1386  2006  69.09  0  1  1368  256
1208 2067 2660  3604  73.81  0  0  2634  593
3209 2055 2604  3408  76.41  0  2  2582  549
2210 253 406  807  50.31  0  0  399  153
1211 997 1249  1997  62.54  0  0  1241  252
3212 1247 1705  2686  63.48  0  2  1692  458
3213 921 1191  1950  61.08  0  1  1183  270
3214 1333 1740  2661  65.39  0  1  1721  407
3215 950 1192  1648  72.33  0  4  1177  242
3216 1489 2152  3121  68.95  0  4  2134  663
2217 912 1355  2355  57.54  0  1  1339  443
4218 480 678  1376  49.27  0  0  668  198
2219 1349 1795  2410  74.48  0  0  1778  446
2220 1566 1949  2547  76.52  0  0  1938  383
2221 2179 2862  3815  75.02  0  0  2851  683
4222 354 719  1307  55.01  0  3  714  365
2223 1130 1418  1888  75.11  0  0  1403  288
2224 925 1230  2036  60.41  0  1  1219  305
2225 572 933  1949  47.87  0  0  913  361
2226 661 857  1617  53.00  0  0  847  196
1227 1644 2170  3154  68.80  0  2  2151  526
2228 1226 1694  2191  77.32  0  1  1680  468
2229 1098 1552  2265  68.52  0  2  1537  454
4230 1784 2410  3393  71.03  0  0  2397  626
4231 362 566  1239  45.68  0  0  559  204
4232 1190 1802  3076  58.58  0  0  1783  612
4233 109 230  507  45.36  0  2  225  121
3234 1573 2183  3097  70.49  0  0  2166  610
2235 779 1130  1979  57.10  1  0  1116  351
1236 256 426  595  71.60  0  0  423  170
1237 183 352  746  47.18  0  0  341  169
1238 1496 1993  3003  66.37  0  1  1969  497
1239 0 0  0  0.00  0  0  0  0
3240 1120 1514  2152  70.35  0  3  1502  394
1241 140 196  382  51.31  0  1  195  56
4242 243 376  590  63.73  0  1  371  133
4243 233 432  792  54.55  0  0  423  199
1244 986 1303  2110  61.75  0  0  1292  317
1245 8 11  37  29.73  0  0  10  3
2246 742 950  1222  77.74  0  2  938  208
3247 827 1122  1897  59.15  0  0  1107  295
3248 2465 3138  4034  77.79  0  2  3113  673
3249 1554 2176  3296  66.02  0  2  2158  622
4250 1018 1420  2320  61.21  0  3  1412  402
1251 2834 3600  5092  70.70  0  2  3566  766
4252 433 713  1092  65.29  0  1  707  280
4253 178 333  546  60.99  0  1  332  155
3254 1030 1505  2406  62.55  0  1  1496  475
1255 1412 1781  2461  72.37  0  0  1757  369
4256 133 276  621  44.44  0  1  269  143
1257 811 1086  1700  63.88  0  0  1071  275
2258 240 373  581  64.20  0  0  371  133
4259 541 814  1057  77.01  0  0  802  273
3260 842 1127  1551  72.66  0  0  1117  285
4261 1315 1925  3224  59.71  0  2  1906  610
2262 438 663  1030  64.37  0  0  647  225
2263 739 1136  2345  48.44  0  3  1116  397
1264 1054 1317  1806  72.92  0  1  1305  263
1265 1178 1458  2085  69.93  0  0  1449  280
2266 1698 2258  3110  72.60  0  2  2233  560
2267 941 1374  2545  53.99  0  1  1357  433
2268 583 793  1402  56.56  0  2  777  210
2269 628 790  1600  49.38  0  0  778  162
1270 392 542  985  55.03  0  0  533  150
1271 2579 3701  5119  72.30  0  2  3666  1122
4272 150 217  333  65.17  0  0  214  67
1273 324 594  1095  54.25  0  0  587  270
1274 137 150  249  60.24  0  0  149  13
2275 413 533  841  63.38  0  1  522  120
4276 747 1243  1852  67.12  0  0  1236  496
1277 787 966  1372  70.41  0  0  954  179
1278 459 587  885  66.33  0  0  583  128
1279 1256 1591  2362  67.36  0  1  1566  335
2280 1180 1648  2333  70.64  0  2  1633  468
2281 745 999  1442  69.28  0  0  992  254
3282 987 1286  1857  69.25  0  2  1266  299
3283 874 1220  1697  71.89  0  3  1214  346
4284 122 158  243  65.02  0  1  156  36
4285 214 298  771  38.65  0  0  297  84
3286 1199 1578  2097  75.25  0  1  1567  379
3287 1045 1593  2582  61.70  0  2  1570  548
4288 53 83  151  54.97  0  0  83  30
3289 1220 1671  2805  59.57  0  1  1648  451
4290 1173 1527  2548  59.93  0  0  1511  354
1291 1202 1547  2306  67.09  0  0  1542  345
1292 831 1095  1828  59.90  1  1  1076  264
1293 615 796  1346  59.14  0  0  787  181
1294 1053 1461  2353  62.09  0  0  1437  408
1295 316 492  917  53.65  0  1  489  176
1296 1482 1857  2662  69.76  0  0  1839  375
1297 1469 1795  2894  62.02  0  0  1782  326
1298 511 804  1278  62.91  0  1  798  293
1299 92 177  336  52.68  0  0  174  85
1300 1001 1374  2122  64.75  0  0  1361  373
1301 1080 1241  1790  69.33  0  0  1227  161
1302 55 89  87  102.30  0  0  88  34
2303 904 1205  1664  72.42  0  0  1197  301
2304 1311 1648  2137  77.12  0  1  1634  337
2305 1272 1697  2324  73.02  0  0  1678  425
2306 1155 1503  2091  71.88  0  0  1497  348
2307 2044 2627  3479  75.51  0  0  2611  583
2308 1082 1426  2270  62.82  0  0  1410  344
2309 404 601  1199  50.13  0  0  588  197
2310 1003 1353  2153  62.84  0  1  1338  350
1311 1029 1283  1821  70.46  0  1  1275  254
1312 423 565  1060  53.30  0  0  559  142
2313 1270 1728  2333  74.07  0  0  1708  458
2314 1954 2508  3434  73.03  0  3  2483  554
2315 888 1164  1946  59.82  1  0  1147  276
2316 951 1247  1875  66.51  0  0  1230  296
2317 699 961  1265  75.97  1  1  955  262
2318 911 1239  1806  68.60  0  2  1226  328
2319 1287 1746  2439  71.59  0  0  1731  459
2320 1471 2102  3735  56.28  0  2  2076  631
3321 1958 2602  4023  64.68  0  3  2579  644
3322 1212 1701  2217  76.73  0  0  1690  489
3323 1966 2416  3121  77.41  0  3  2397  450
3324 1196 1572  2398  65.55  0  1  1551  376
3325 470 707  1046  67.59  0  0  697  237
3326 389 562  983  57.17  0  1  550  173
3327 940 1288  1743  73.90  0  2  1277  348
4328 610 820  1559  52.60  0  2  808  210
3329 1081 1540  2390  64.44  0  1  1517  459
3330 782 924  1180  78.31  0  1  917  142
3331 1949 2480  3253  76.24  0  1  2469  531
3332 1197 1450  3180  45.60  1  1  1428  253
3333 1932 2575  3713  69.35  0  5  2556  643
3334 903 1358  2159  62.90  0  0  1342  455
3335 1164 1606  2246  71.50  0  1  1580  442
3336 930 1364  2175  62.71  0  1  1354  434
1337 1276 1610  2055  78.35  0  0  1599  334
4338 1224 1814  2656  68.30  0  0  1800  590
1339 1401 1893  2838  66.70  0  2  1881  492
4340 907 1288  2104  61.22  0  0  1268  381
1341 246 275  416  66.11  0  0  272  29
4342 1132 1622  2154  75.30  0  0  1615  490
4343 821 1068  1396  76.50  0  0  1058  247
4344 679 994  1311  75.82  0  1  985  315
4345 333 583  971  60.04  0  0  570  250
1346 527 724  1458  49.66  0  0  713  197
1347 3692 4425  5645  78.39  0  1  4390  733
1348 250 316  444  71.17  0  0  315  66
1349 81 86  147  58.50  0  0  84  5
4350 549 956  1432  66.76  0  0  945  407
1351 0 0  0  0.00  0  0  0  0
2352 1525 1937  2764  70.08  0  3  1912  412
2353 571 794  1336  59.43  0  0  785  223
2354 996 1528  2448  62.42  0  0  1510  532
2355 687 908  1325  68.53  0  0  902  221
2356 1500 2069  3059  67.64  1  2  2047  569
2357 1320 1651  2232  73.97  0  3  1626  331
2358 1361 1759  2501  70.33  0  0  1749  398
3359 1362 1711  2356  72.62  0  0  1697  349
2360 3584 4569  5918  77.21  0  2  4544  985
3361 1168 1630  2406  67.75  0  0  1608  462
4362 2 3  12  25.00  0  0  3  1
3363 1682 2472  3304  74.82  0  2  2457  790
3364 344 457  774  59.04  0  0  449  113
3365 1953 2442  3242  75.32  0  0  2420  489
3366 0 5  2  250.00  0  0  5  5
3367 116 155  215  72.09  0  0  153  39
3368 442 615  845  72.78  0  0  611  173
4369 1217 1808  2481  72.87  0  1  1793  591
4370 0 0  0  0.00  0  0  0  0
4371 344 474  634  74.76  0  0  467  130
3372 2847 3869  5379  71.93  0  1  3839  1022
4373 82 106  209  50.72  0  0  105  24
4374 1033 1396  2218  62.94  0  2  1383  363
4375 930 1346  1856  72.52  0  0  1335  416
1376 4 7  13  53.85  0  0  7  3
1377 2048 2586  3846  67.24  0  2  2564  538
1378 2747 3668  5370  68.31  0  2  3633  921
2379 2881 3702  4859  76.19  0  0  3684  821
1380 937 1226  1895  64.70  0  5  1210  289
2381 1424 1954  3272  59.72  0  1  1940  530
3382 768 1015  1788  56.77  0  2  1007  247
2383 1089 1526  2413  63.24  0  1  1509  437
3384 800 1120  1617  69.26  0  1  1104  320
3385 1671 2151  2793  77.01  0  1  2135  480
3386 2257 3026  4349  69.58  0  4  2993  769
3387 1146 1582  2091  75.66  0  3  1570  436
1388 1071 1526  2656  57.45  0  0  1506  455
3389 1617 2359  3602  65.49  0  4  2336  742
3390 2048 2636  3453  76.34  0  2  2620  588
3391 1120 1591  2669  59.61  0  1  1573  471
3392 1372 1791  2361  75.86  0  0  1780  419
2393 619 825  1449  56.94  0  0  806  206
4394 154 223  421  52.97  0  0  216  69
4395 239 363  615  59.02  0  0  359  124
3396 1858 2532  3352  75.54  0  1  2515  674
4397 139 240  407  58.97  0  1  238  101
3398 710 1092  1683  64.88  0  2  1079  382
3399 123 146  175  83.43  0  2  144  23
4400 74 153  317  48.26  0  0  153  79
2401 168 198  334  59.28  0  1  196  30
2402 18 24  104  23.08  0  0  24  6
2403 9 13  47  27.66  0  1  13  4
3404 170 213  348  61.21  0  0  207  43
2405 1928 2547  3670  69.40  0  0  2523  619
3406 0 0  0  0.00  0  0  0  0
3407 27 34  45  75.56  0  0  33  7
1408 231 385  682  56.45  0  0  381  154
3409 19 31  73  42.47  0  0  30  12
4410 1181 1723  2792  61.71  0  0  1704  542
2411 117 198  570  34.74  0  0  195  81
2412 143 201  345  58.26  0  0  195  58
2413 203 275  567  48.50  0  0  272  72
3414 28 44  90  48.89  0  0  44  16
1415 254 365  769  47.46  0  0  355  111
3416 39 64  113  56.64  0  0  64  25
3417 371 464  658  70.52  0  0  462  93
4418 0 0  0  0.00  0  0  0  0
1419 0 0  0  0.00  0  0  0  0
1420 0 0  0  0.00  0  0  0  0
3421 753 927  1196  77.51  0  0  919  174
3422 1421 1891  2486  76.07  0  2  1878  470
1423 1433 1822  2254  80.83  0  0  1805  389
3424 481 551  738  74.66  0  0  546  70
2425 1161 1476  2335  63.21  0  0  1463  315
2426 1254 1749  2433  71.89  0  3  1737  495
2427 18 30  95  31.58  0  0  30  12
1428 111 133  239  55.65  0  0  133  22
4429 145 257  265  96.98  0  0  254  112
3430 4 6  14  42.86  0  0  6  2
2431 4 5  18  27.78  0  0  5  1
4432 19 35  195  17.95  0  0  35  16
3433 226 292  376  77.66  0  0  287  66
4434 19 34  72  47.22  0  0  34  15
1435 146 224  305  73.44  0  0  224  78
4436 24 45  83  54.22  0  0  44  21
1437 392 497  674  73.74  0  0  491  105
2438 1149 1525  2321  65.70  0  0  1514  376
2439 72 96  134  71.64  0  0  95  24
1440 906 1224  1921  63.72  0  0  1212  318
3441 143 189  382  49.48  0  0  186  46
3442 266 356  634  56.15  0  0  352  90
3443 1137 1672  2307  72.48  0  2  1661  535
2444 0 0  0  0.00  0  0  0  0
3445 8 12  39  30.77  0  0  12  4
1446 2 3  5  60.00  0  0  3  1
1447 1 4  6  66.67  0  0  3  3
2448 1413 1909  2923  65.31  0  3  1892  496
2449 932 1333  2075  64.24  0  0  1317  401
2450 1091 1478  2283  64.74  0  0  1464  387
2451 84 107  206  51.94  0  0  106  23
4452 575 774  1133  68.31  0  0  770  199
2453 389 493  603  81.76  0  0  488  104
4454 2095 2851  4449  64.08  0  1  2823  756
3455 477 707  1249  56.61  0  1  699  230
4456 538 839  1073  78.19  0  0  833  301
3457 0 0  0  0.00  0  0  0  0
4458 0 0  0  0.00  0  0  0  0
1459 1138 1445  2160  66.90  0  0  1425  307
1460 1238 1716  3084  55.64  0  1  1697  478
2461 868 1300  2327  55.87  0  0  1278  432
2462 855 1137  1754  64.82  0  1  1133  282
1463 606 873  1845  47.32  0  1  862  267
2464 275 334  442  75.57  0  0  333  59
3465 2400 3326  4500  73.91  0  1  3305  926
2466 594 778  1201  64.78  0  0  764  184
2467 1267 1662  2715  61.22  0  1  1641  395
2468 1268 1642  2300  71.39  0  0  1632  374
3469 764 948  1254  75.60  0  0  944  184
3470 58 75  118  63.56  0  0  75  17
3471 927 1199  1498  80.04  0  0  1192  272
1472 0 0  0  0.00  0  0  0  0
1473 31 52  120  43.33  0  0  52  21
1474 51 92  239  38.49  0  0  88  41
1475 72 126  287  43.90  0  1  124  54
1476 34 46  94  48.94  0  0  45  12
1477 346 497  915  54.32  0  0  491  151
1478 194 289  555  52.07  0  0  283  95
1479 156 219  388  56.44  0  0  219  63
1480 366 448  564  79.43  0  2  446  82
1481 112 191  438  43.61  0  0  185  79
1482 204 309  674  45.85  0  0  305  105
1483 3 3  54  5.56  0  0  3  0
2484 683 936  1450  64.55  0  0  931  253
1485 0 3  9  33.33  0  0  3  3
3486 3337 4294  5664  75.81  0  4  4263  957
1487 1 5  10  50.00  0  0  5  4
2488 1661 2275  3216  70.74  0  1  2255  614
1489 1078 1466  2278  64.35  0  1  1454  388
1490 245 318  531  59.89  0  0  315  73
3491 54 88  115  76.52  0  0  86  34
4492 38 46  111  41.44  0  0  46  8
4493 167 238  414  57.49  0  0  237  71
4494 5 8  28  28.57  0  0  8  3
4495 33 37  72  51.39  0  0  36  4
4496 224 322  649  49.61  0  2  317  98
4497 827 1315  2799  46.98  0  2  1298  488
4498 376 494  598  82.61  0  0  491  118
4499 1139 1719  2732  62.92  0  0  1695  580
1500 0 0  0  0.00  0  0  0  0
4501 7 9  30  30.00  0  0  9  2
1502 21 26  66  39.39  0  0  26  5
4503 289 450  859  52.39  0  0  438  161
1504 1137 1629  2321  70.19  1  1  1618  492
2505 914 1165  1630  71.47  0  0  1160  251
2506 1221 1738  2621  66.31  0  0  1714  517
3507 1051 1552  2598  59.74  0  1  1535  501
4508 896 1322  2122  62.30  0  2  1305  426
3509 810 1318  2095  62.91  0  2  1302  508
3510 1854 2267  2936  77.21  0  4  2249  413
3511 1314 1791  2898  61.80  0  2  1772  477
4512 0 0  0  0.00  0  0  0  0
2513 30 47  115  40.87  0  0  46  17
1514 0 0  0  0.00  0  0  0  0
1515 20 26  59  44.07  0  0  23  6
3516 1138 1514  1964  77.09  0  2  1502  376
3517 1066 1416  2420  58.51  0  1  1400  350
4518 70 113  223  50.67  0  0  112  43
2519 548 676  1065  63.47  0  0  662  128
2520 939 1312  1922  68.26  0  0  1296  373
2521 610 884  1312  67.38  0  2  874  274
2522 1505 2039  2964  68.79  0  4  2022  534
2523 725 1011  1634  61.87  0  1  1001  286
2524 1436 1746  2222  78.58  0  0  1741  310
2525 1315 1807  2715  66.56  0  1  1789  492
3526 684 868  1196  72.58  0  0  864  184
3527 1156 1583  2282  69.37  0  0  1570  427
4528 1702 2401  3568  67.29  0  2  2385  699
3529 1094 1446  1959  73.81  0  0  1439  352
3530 1194 1601  2137  74.92  0  1  1588  407
4531 1391 1888  2891  65.31  0  2  1871  497
4532 582 857  1159  73.94  0  0  848  275
4533 629 917  1616  56.75  0  0  908  288
4534 1342 2053  3056  67.18  0  2  2030  711
2535 901 1174  1562  75.16  0  1  1160  273
2536 983 1286  1859  69.18  0  0  1273  303
2537 791 1079  1961  55.02  0  0  1066  288
3538 867 1088  1459  74.57  0  0  1081  221
3539 3 5  8  62.50  0  0  5  2
4540 1766 2402  3741  64.21  0  1  2384  636
2541 1312 1779  2509  70.90  0  2  1772  467
3542 1177 1650  2307  71.52  0  1  1639  473
3543 741 1068  1547  69.04  0  0  1061  327
2544 0 0  7  0.00  0  0  0  0
3545 1403 1768  2336  75.68  0  3  1758  365
2546 19 26  77  33.77  0  0  26  7
1547 1 1  0  0.00  0  0  1  0
2548 823 1084  1477  73.39  0  0  1078  261
3549 154 175  232  75.43  0  0  170  21
2550 0 0  0  0.00  0  0  0  0
4551 2807 4099  5906  69.40  0  4  4066  1292
3552 1960 2706  3541  76.42  0  1  2686  746
2553 675 893  1481  60.30  0  1  884  218
3554 1563 2019  2732  73.90  0  0  2009  456
1555 10 12  34  35.29  0  0  12  2
2556 941 1401  2033  68.91  0  0  1393  460
2557 2354 3229  4247  76.03  0  0  3207  875
3558 1900 2395  3214  74.52  0  1  2381  495
3559 1126 1403  1878  74.71  0  0  1398  277
1560 0 0  0  0.00  0  0  0  0
3561 0 0  0  0.00  0  0  0  0
3562 66 80  97  82.47  0  0  78  14
4563 0 0  0  0.00  0  0  0  0
3564 0 0  0  0.00  0  0  0  0
1565 0 0  0  0.00  0  0  0  0
3566 0 0  0  0.00  0  0  0  0
1567 67 87  139  62.59  0  0  86  20
1568 25 36  47  76.60  0  0  36  11
2569 316 450  1018  44.20  0  0  442  134
3570 957 1428  2035  70.17  0  0  1421  471
2571 1 1  4  25.00  0  0  1  0
1572 2 4  9  44.44  0  0  4  2
1573 26 30  46  65.22  0  0  30  4
3574 2 3  5  60.00  0  0  3  1
3575 0 0  0  0.00  0  0  0  0
3576 0 0  0  0.00  0  0  0  0
4577 35 54  150  36.00  0  0  54  19
4578 0 0  0  0.00  0  0  0  0
3579 460 583  754  77.32  0  0  579  123
3580 0 0  1  0.00  0  0  0  0
2581 1116 1484  2277  65.17  0  2  1474  368
3582 0 0  0  0.00  0  0  0  0
3583 0 0  0  0.00  0  0  0  0
3584 0 0  0  0.00  0  0  0  0
3585 0 0  0  0.00  0  0  0  0
3586 0 1  3  33.33  0  0  1  1
4587 145 192  341  56.30  0  0  190  47
3588 1929 2636  3799  69.39  0  0  2615  707
3589 0 0  0  0.00  0  0  0  0
3590 0 0  0  0.00  0  0  0  0
4591 774 1133  1515  74.79  0  0  1124  359
1592 2 3  14  21.43  0  0  3  1
1593 0 0  0  0.00  0  0  0  0
1594 0 0  5  0.00  0  0  0  0
1595 0 0  0  0.00  0  0  0  0
1596 0 0  0  0.00  0  0  0  0
1597 151 237  488  48.57  0  1  237  86
1598 0 0  0  0.00  0  0  0  0
3599 509 692  828  83.57  0  0  688  183
1600 0 0  0  0.00  0  0  0  0
1601 0 0  0  0.00  0  0  0  0
1602 10 12  19  63.16  0  0  12  2
1603 110 157  244  64.34  0  0  155  47
1604 68 90  109  82.57  0  1  90  22
1605 0 0  0  0.00  0  0  0  0
1606 12 17  23  73.91  0  0  17  5
1607 0 0  0  0.00  0  0  0  0
2608 168 211  316  66.77  0  0  207  43
2609 0 0  0  0.00  0  0  0  0
2610 0 0  0  0.00  0  0  0  0
2611 0 0  0  0.00  0  0  0  0
2612 0 0  0  0.00  0  0  0  0
2613 287 400  578  69.20  0  0  397  113
2614 11 15  23  65.22  0  0  14  4
1615 0 0  0  0.00  0  0  0  0
2616 0 0  0  0.00  0  0  0  0
2617 0 0  0  0.00  0  0  0  0
2618 0 0  0  0.00  0  0  0  0
2619 0 0  0  0.00  0  0  0  0
4620 24 34  128  26.56  0  0  34  10
3621 0 0  0  0.00  0  0  0  0
4622 0 0  0  0.00  0  0  0  0
3623 112 141  189  74.60  0  0  140  29
3624 101 128  179  71.51  0  0  127  27
3625 0 0  0  0.00  0  0  0  0
3626 180 235  316  74.37  0  0  232  55
3627 19 20  40  50.00  0  0  20  1
3628 0 0  0  0.00  0  0  0  0
4629 0 0  0  0.00  0  0  0  0
4630 0 0  1  0.00  0  0  0  0
3631 0 0  0  0.00  0  0  0  0
4632 0 0  0  0.00  0  0  0  0
3633 12 13  52  25.00  0  0  13  1
3634 18 22  39  56.41  0  0  22  4
2635 1868 2395  3633  65.92  0  0  2378  527
2636 1066 1466  2274  64.47  0  1  1449  400
3637 1924 2647  3612  73.28  0  0  2633  723
4638 975 1407  1889  74.48  0  1  1398  432