0001 56 120  2090  3  4  106  3  116  5.74  64
0002 40 87  1838  0  0  85  0  85  4.73  47
0003 33 74  1473  3  0  66  0  69  5.02  41
0004 45 121  1623  3  1  110  2  116  7.46  76
0005 30 100  1357  2  1  91  1  95  7.37  70
0006 10 40  3529  0  0  37  0  37  1.13  30
0007 78 135  1078  0  2  127  0  129  12.52  57
0008 37 74  1686  0  1  65  0  66  4.39  37
0009 30 81  1702  6  2  62  4  74  4.76  51
0010 77 115  1697  5  10  76  8  99  6.78  38
0011 40 83  1793  6  3  63  2  74  4.63  43
0012 6 7  712  0  0  6  0  6  0.98  1
0013 41 77  2791  5  2  57  3  67  2.76  36
0014 41 97  1848  1  0  94  1  96  5.25  56
0015 29 108  2775  1  0  100  1  102  3.89  79
0016 24 36  912  1  0  35  0  36  3.95  12
0017 25 61  1083  2  1  54  2  59  5.63  36
0018 43 86  1374  3  0  81  1  85  6.26  43
0019 10 71  968  0  0  68  1  69  7.33  61
0020 41 84  3009  2  0  81  0  83  2.79  43
0021 28 65  975  0  1  62  0  63  6.67  37
0022 68 165  2485  1  0  159  0  160  6.64  97
0023 7 9  489  0  0  8  0  8  1.84  2
0024 26 26  601  0  0  25  0  25  4.33  0
0025 28 89  1034  0  0  87  0  87  8.61  61
0026 42 115  1798  5  5  89  3  102  6.40  73
0027 90 196  2951  10  4  157  8  179  6.64  106
0028 44 116  2719  5  2  101  0  108  4.27  72
0029 69 133  2647  7  0  102  5  114  5.02  64
0030 36 126  1976  1  1  119  2  123  6.38  90
0031 179 318  2488  2  1  312  0  315  12.78  139
0032 46 65  2064  0  0  65  0  65  3.15  19
0033 87 155  3407  2  0  149  2  153  4.55  68
0034 103 186  2585  4  2  175  2  183  7.20  83
0035 0 0  10  0  0  0  0  0  0.00  0
0036 70 143  2792  2  2  131  3  138  5.12  73
0037 78 147  1846  3  0  142  0  145  7.96  69
0038 78 158  2640  3  1  151  1  156  5.98  80
0039 102 233  2646  2  2  222  4  230  8.81  131
0040 13 38  524  1  0  37  0  38  7.25  25
0041 15 32  1145  1  0  28  0  29  2.79  17
0042 71 116  1112  1  0  112  1  114  10.43  45
0043 24 48  1615  1  0  46  0  47  2.97  24
0044 44 82  1950  2  2  61  4  69  4.21  38
0045 211 384  5839  7  1  355  6  369  6.58  173
0046 65 119  2445  9  3  93  4  109  4.87  54
0047 50 127  1622  1  0  124  0  125  7.83  77
0048 49 94  983  2  1  84  3  90  9.56  45
0049 14 23  3038  0  0  23  0  23  0.76  9
0050 44 101  4621  3  1  94  2  100  2.19  57
0051 6 20  1543  1  0  18  1  20  1.30  14
0052 23 51  2236  1  0  47  0  48  2.28  28
0053 56 143  2742  3  1  134  4  142  5.22  87
0054 27 56  1539  0  0  52  1  53  3.64  29
0055 18 48  1285  3  0  41  2  46  3.74  30
0056 14 29  1270  1  0  27  0  28  2.28  15
0057 61 174  3041  2  2  162  3  169  5.72  113
0058 43 104  2435  0  0  102  0  102  4.27  61
0059 64 145  2206  3  0  137  0  140  6.57  81
0060 59 160  2220  2  0  153  2  157  7.21  101
0061 34 73  2180  2  1  61  3  67  3.35  39
0062 52 104  2160  8  2  78  7  95  4.81  52
0063 40 68  1765  8  4  32  6  50  3.85  28
0064 64 108  2064  4  2  77  8  91  5.23  44
0065 66 116  2165  2  2  105  5  114  5.36  50
0066 31 77  1087  5  3  56  4  68  7.08  46
0067 52 92  2684  2  2  77  4  85  3.43  40
0068 211 397  2695  1  1  385  4  391  14.73  186
0069 22 39  1295  1  1  30  1  33  3.01  17
0070 70 115  3040  4  0  101  1  106  3.78  45
0071 45 90  3518  0  0  90  0  90  2.56  45
0072 51 123  1815  7  3  93  6  109  6.78  72
0073 32 63  1459  0  2  58  0  60  4.32  31
0074 41 66  3631  0  0  64  0  64  1.82  25
0075 19 41  1315  0  0  37  0  37  3.12  22
0076 34 67  2321  1  0  61  2  64  2.89  33
0077 9 9  564  0  0  8  1  9  1.60  0
0078 47 73  1449  4  1  55  6  66  5.04  26
0079 57 142  2921  12  2  97  6  117  4.86  85
0080 152 276  2649  13  5  240  4  262  10.42  124
0081 114 165  1787  16  5  110  13  144  9.23  51
0082 16 34  3213  0  0  33  1  34  1.06  18
0083 126 207  5432  4  0  196  2  202  3.81  81
0084 27 52  1370  1  2  43  3  49  3.80  25
0085 114 238  2091  0  0  230  1  231  11.38  124
0086 39 100  2527  3  1  86  0  90  3.96  61
0087 42 119  2699  2  1  110  3  116  4.41  77
0088 6 16  663  1  0  13  0  14  2.41  10
0089 22 40  1090  0  0  38  0  38  3.67  18
0090 20 49  3496  0  0  49  0  49  1.40  29
0091 10 19  1197  0  0  18  1  19  1.59  9
0092 43 67  2210  2  0  62  1  65  3.03  24
0093 122 196  3257  7  4  130  17  158  6.02  74
0094 11 24  529  1  0  21  1  23  4.54  13
0095 20 50  3161  1  0  46  0  47  1.58  30
0096 15 27  1212  1  0  26  0  27  2.23  12
0097 90 155  4468  15  8  104  9  136  3.47  65
0098 20 34  2365  4  1  23  0  28  1.44  14
0099 34 61  1989  4  0  51  4  59  3.07  27
0100 25 71  1734  4  2  54  3  63  4.09  46
0101 12 23  912  0  0  22  1  23  2.52  11
0102 69 98  1896  3  1  79  3  86  5.17  29
0103 48 115  4538  6  3  91  1  101  2.53  67
0104 139 295  1841  1  1  284  1  287  16.02  156
0105 43 80  2122  6  4  60  3  73  3.77  37
0106 0 0  289  0  0  0  0  0  0.00  0
0107 32 74  1856  0  0  69  0  69  3.99  42
0108 34 53  3158  1  0  50  1  52  1.68  19
0109 220 327  2907  3  0  319  1  323  11.25  107
0110 12 50  2770  1  0  46  1  48  1.81  38
0111 15 31  3528  0  0  30  0  30  0.88  16
0112 8 25  2870  2  0  22  0  24  0.87  17
0113 18 45  2482  0  0  45  0  45  1.81  27
0114 14 25  2528  0  1  22  2  25  0.99  11
0115 45 81  1739  0  0  77  1  78  4.66  36
0116 17 31  2951  0  0  29  2  31  1.05  14
0117 10 17  1839  1  0  14  2  17  0.92  7
0118 7 16  722  0  0  14  0  14  2.22  9
0119 9 19  4742  0  0  18  0  18  0.40  10
0120 36 59  2901  0  2  55  0  57  2.03  23
0121 0 9  651  0  0  8  0  8  1.38  9
0122 150 261  2181  0  0  251  2  253  11.97  111
0123 44 73  1301  2  0  69  0  71  5.61  29
0124 34 66  5682  1  0  65  0  66  1.16  32
0125 12 31  2233  0  0  31  0  31  1.39  19
0126 3 9  2732  0  0  9  0  9  0.33  6
0127 17 32  1647  0  0  30  2  32  1.94  15
0128 41 111  2223  3  0  92  0  95  4.99  70
0129 52 136  5329  0  2  125  2  129  2.55  84
0130 22 41  2201  4  0  34  1  39  1.86  19
0131 21 60  1655  1  1  53  1  56  3.63  39
0132 251 443  2449  3  2  420  1  426  18.09  192
0133 23 93  2590  1  1  89  1  92  3.59  70
0134 35 73  1445  1  2  65  3  71  5.05  38
0135 57 87  2690  1  2  78  2  83  3.23  30
0136 199 432  2106  2  1  423  2  428  20.51  233
0137 15 36  745  0  0  34  1  35  4.83  21
0138 76 161  1750  1  1  152  1  155  9.20  85
0139 73 116  2656  0  1  110  1  112  4.37  43
0140 239 558  3062  4  0  543  0  547  18.22  319
0141 22 33  879  4  1  15  3  23  3.75  11
0142 17 31  862  2  0  27  1  30  3.60  14
0143 68 95  4294  2  0  91  1  94  2.21  27
0144 64 148  1154  1  1  140  0  142  12.82  84
0145 67 161  1578  1  0  150  2  153  10.20  94
0146 41 87  1934  0  0  85  0  85  4.50  46
0147 132 242  2760  1  0  237  2  240  8.77  110
0148 66 183  2428  3  0  178  1  182  7.54  117
0149 64 134  5662  3  1  128  1  133  2.37  70
0150 65 139  1207  2  0  132  2  136  11.52  74
0151 30 30  845  0  0  30  0  30  3.55  0
0152 39 80  2663  4  0  66  5  75  3.00  41
0153 41 80  1739  4  1  63  5  73  4.60  39
0154 58 104  2112  8  2  70  6  86  4.92  46
0155 31 63  4078  0  0  60  2  62  1.54  32
0156 275 480  3099  2  1  463  2  468  15.49  205
0157 176 286  2292  0  1  276  1  278  12.48  110
0158 288 427  2927  3  3  407  1  414  14.59  139
0159 13 34  957  0  1  33  0  34  3.55  21
0160 26 68  694  0  1  67  0  68  9.80  42
0161 50 108  1034  0  0  106  0  106  10.44  58
0162 30 36  1233  1  2  27  1  31  2.92  6
0163 298 472  2999  46  9  186  43  284  15.74  174
0164 44 171  1437  0  1  165  0  166  11.90  127
0165 22 65  2243  0  0  63  0  63  2.90  43
0166 23 40  980  4  0  32  2  38  4.08  17
0167 0 1  23  0  0  1  0  1  4.35  1
0168 25 26  517  0  0  24  0  24  5.03  1
0169 194 300  2496  1  2  290  2  295  12.02  106
0170 38 56  1857  5  0  44  1  50  3.02  18
0171 66 142  1611  0  1  140  0  141  8.81  76
0172 13 24  582  1  1  18  2  22  4.12  11
0173 9 28  2981  0  0  27  0  27  0.94  19
0174 28 45  3074  1  0  44  0  45  1.46  17
0175 54 139  2441  3  4  120  0  127  5.69  85
0176 37 98  1564  0  0  94  1  95  6.27  61
0177 11 46  1469  1  0  45  0  46  3.13  35
0178 20 43  1705  1  0  37  1  39  2.52  23
0179 18 32  1477  1  0  29  1  31  2.17  14
0180 188 346  2776  3  2  332  3  340  12.46  158
0181 34 58  1939  3  2  45  3  53  2.99  24
0182 73 161  3253  6  7  106  4  123  4.95  88
0183 17 69  2406  0  1  64  0  65  2.87  52
0184 37 49  935  1  2  41  1  45  5.24  12
0185 62 89  1899  2  1  84  0  87  4.69  27
0186 23 52  789  1  0  48  1  50  6.59  29
0187 6 8  301  0  0  7  1  8  2.66  2
0188 38 61  1595  4  0  41  2  47  3.82  23
0189 20 56  1420  2  1  49  0  52  3.94  36
0190 87 132  1718  13  1  63  9  86  7.68  45
0191 22 46  1373  4  1  32  5  42  3.35  24
0192 159 260  2029  1  0  250  0  251  12.81  101
0193 35 115  1057  1  0  113  0  114  10.88  80
0194 44 121  1673  2  1  115  0  118  7.23  77
0195 101 206  1720  2  0  197  1  200  11.98  105
0196 12 23  320  0  0  22  0  22  7.19  11
0197 223 351  2856  1  1  336  1  339  12.29  128
0198 18 47  639  0  0  46  0  46  7.36  29
0199 18 31  3094  0  0  31  0  31  1.00  13
0200 129 193  3145  1  0  189  0  190  6.14  64
0201 17 46  708  1  0  43  0  44  6.50  29
0202 55 136  1461  0  1  133  0  134  9.31  81
0203 29 41  880  3  1  31  0  35  4.66  12
0204 66 129  3389  3  3  113  3  122  3.81  63
0205 129 211  1655  1  0  207  0  208  12.75  82
0206 50 95  2601  4  1  78  4  87  3.65  45
0207 58 123  1130  11  3  89  4  107  10.88  65
0208 208 298  2155  26  7  202  18  253  13.83  90
0209 0 0  0  0  0  0  0  0  0.00  0
0210 128 330  2200  0  0  325  2  327  15.00  202
0211 63 137  2704  7  3  110  3  123  5.07  74
0212 33 91  1248  2  0  85  2  89  7.29  58
0213 17 48  3250  2  1  39  4  46  1.48  31
0214 18 45  1759  0  0  43  0  43  2.56  27
0215 18 79  2126  0  0  71  4  75  3.72  61
0216 108 231  1915  1  2  222  2  227  12.06  123
0217 41 82  2587  1  2  73  0  76  3.17  41
0218 73 169  2240  8  3  141  6  158  7.54  96
0219 204 430  2629  1  2  412  5  420  16.36  226
0220 91 128  2330  16  7  54  6  83  5.49  37
0221 55 171  2468  12  7  116  10  145  6.93  116
0222 73 204  2365  1  1  195  1  198  8.63  131
0223 88 151  3359  2  0  147  0  149  4.50  63
0224 57 123  2159  0  0  121  0  121  5.70  66
0225 22 46  2998  2  0  43  0  45  1.53  24
0226 47 105  2369  2  4  84  4  94  4.43  58
0227 13 33  1759  2  0  29  0  31  1.88  20
0228 147 298  1044  2  0  284  1  287  28.54  151
0229 31 86  795  4  0  39  16  59  10.82  55
0230 51 181  1083  0  1  172  2  175  16.71  130
0231 40 76  2174  0  3  58  3  64  3.50  36
0232 33 83  1684  3  2  70  0  75  4.93  50
0233 67 156  3992  0  1  144  0  145  3.91  89
0234 27 62  3759  2  1  58  0  61  1.65  35
0235 80 160  1303  0  1  154  0  155  12.28  80
0236 138 232  2126  1  1  223  0  225  10.91  94
0237 138 242  2167  1  1  233  1  236  11.17  104
0238 106 221  1868  2  0  209  3  214  11.83  115
0239 130 224  1992  0  0  219  2  221  11.24  94
0240 254 390  2666  2  0  378  1  381  14.63  136
0241 38 61  2275  0  3  53  3  59  2.68  23
0242 21 42  1548  0  1  33  1  35  2.71  21
0243 41 65  451  0  0  62  1  63  14.41  24
0244 20 51  2920  0  2  48  0  50  1.75  31
0245 19 59  5072  0  0  56  0  56  1.16  40
0246 11 30  2925  1  0  28  1  30  1.03  19
0247 50 159  1584  1  0  148  0  149  10.04  109
0248 26 59  2082  3  1  49  2  55  2.83  33
0249 28 51  2628  7  1  36  3  47  1.94  23
0250 21 115  940  1  0  108  1  110  12.23  94
0251 146 399  2045  6  1  371  4  382  19.51  253
0252 163 310  2334  3  3  289  0  295  13.28  147
0253 113 184  2213  2  0  179  2  183  8.31  71
0254 12 23  1445  2  0  17  2  21  1.59  11
0255 37 134  2345  1  0  127  1  129  5.71  97
0256 127 238  3185  12  3  207  5  227  7.47  111
0257 31 65  2330  3  2  51  2  58  2.79  34
0258 30 63  3247  1  0  60  0  61  1.94  33
0259 374 593  2395  2  1  580  1  584  24.76  219
0260 3 9  1166  0  0  9  0  9  0.77  6
0261 11 18  728  0  0  15  2  17  2.47  7
0262 36 70  4157  2  0  64  3  69  1.68  34
0263 10 29  3240  0  0  29  0  29  0.90  19
0264 22 42  2899  1  4  34  0  39  1.45  20
0265 46 69  3594  2  0  65  1  68  1.92  23
0266 115 159  2096  19  7  81  15  122  7.59  44
0267 58 78  1338  10  5  53  5  73  5.83  20
0268 50 116  2329  5  2  80  1  88  4.98  66
0269 19 34  1959  0  0  33  0  33  1.74  15
0270 67 122  3468  6  0  106  2  114  3.52  55
0271 321 503  2406  0  1  490  1  492  20.91  182
0272 15 38  2076  1  0  37  0  38  1.83  23
0273 12 19  2391  0  0  19  0  19  0.79  7
0274 33 47  2046  2  1  40  1  44  2.30  14
0275 48 124  1677  3  1  114  1  119  7.39  76
0276 214 325  2520  3  1  310  1  315  12.90  111
0277 39 73  1465  2  2  52  5  61  4.98  34
0278 87 137  2356  7  0  100  8  115  5.81  50
0279 42 65  1866  2  1  55  4  62  3.48  23
0280 11 28  1497  2  2  21  1  26  1.87  17
0281 58 175  2591  5  3  156  3  167  6.75  117
0282 26 61  1910  3  0  53  0  56  3.19  35
0283 0 0  0  0  0  0  0  0  0.00  0
0284 84 125  3208  0  0  117  0  117  3.90  41
0285 101 248  2456  3  0  236  1  240  10.10  147
0286 331 687  5554  3  4  667  3  677  12.37  356
0287 43 113  1592  5  0  107  1  113  7.10  70
0288 186 350  2247  0  1  344  2  347  15.58  164
0289 23 40  1506  4  1  32  1  38  2.66  17
0290 9 16  1538  0  0  13  0  13  1.04  7
0291 38 59  1183  0  0  58  0  58  4.99  21
0292 41 112  1257  2  1  101  1  105  8.91  71
0293 30 89  1729  1  0  82  1  84  5.15  59
0294 276 421  2078  1  0  411  0  412  20.26  145
0295 62 106  860  0  0  104  0  104  12.33  44
0296 26 104  1656  4  0  85  2  91  6.28  78
0297 41 104  1940  3  1  91  2  97  5.36  63
0298 44 98  2066  2  0  80  3  85  4.74  54
0299 32 40  1161  1  1  37  1  40  3.45  8
0300 19 35  4942  1  0  33  0  34  0.71  16
0301 63 103  2374  8  0  73  5  86  4.34  40
0302 77 113  2713  9  2  91  4  106  4.17  36
0303 17 50  3122  2  0  47  0  49  1.60  33
0304 72 143  2213  2  1  135  2  140  6.46  71
0305 28 53  3498  0  0  53  0  53  1.52  25
0306 26 39  1823  0  0  38  0  38  2.14  13
0307 26 64  2859  0  0  62  2  64  2.24  38
0308 42 74  1217  0  0  72  0  72  6.08  32
0309 13 38  2515  0  0  35  3  38  1.51  25
0310 18 31  1420  0  1  28  1  30  2.18  13
0311 46 91  2984  2  1  79  4  86  3.05  45
0312 34 63  3601  0  1  61  1  63  1.75  29
0313 0 0  57  0  0  0  0  0  0.00  0
0314 24 60  5126  2  0  56  0  58  1.17  36
0315 29 71  1607  0  1  69  0  70  4.42  42
0316 44 84  1514  2  0  79  1  82  5.55  40
0317 32 63  1439  0  0  62  0  62  4.38  31
0318 298 653  3445  5  1  628  2  636  18.96  355
0319 125 271  2066  3  2  260  0  265  13.12  146
0320 31 51  1485  4  2  39  1  46  3.43  20
0321 16 30  2009  2  1  22  3  28  1.49  14
0322 20 40  1313  2  0  38  0  40  3.05  20
0323 19 44  1680  0  2  40  0  42  2.62  25
0324 40 77  2333  3  2  65  1  71  3.30  37
0325 60 99  2208  3  2  88  0  93  4.48  39
0326 17 24  679  1  2  18  3  24  3.53  7
0327 154 187  1734  2  1  180  1  184  10.78  33
0328 17 27  1345  3  0  24  0  27  2.01  10
0329 40 55  1319  0  0  45  3  48  4.17  15
0330 22 34  1798  0  0  34  0  34  1.89  12
0331 0 0  0  0  0  0  0  0  0.00  0
0332 1 3  128  0  0  3  0  3  2.34  2
0333 16 31  2841  0  2  27  1  30  1.09  15
0334 8 17  736  0  0  15  0  15  2.31  9
0335 18 25  1169  0  0  21  1  22  2.14  7
0336 151 346  2929  1  1  333  5  340  11.81  195
0337 21 37  898  0  0  34  0  34  4.12  16
0338 59 106  4592  2  0  100  1  103  2.31  47
0339 45 88  1684  8  2  63  3  76  5.23  43
0340 27 51  3663  1  1  49  0  51  1.39  24
0341 25 43  1221  3  0  36  2  41  3.52  18
0342 93 166  5470  3  0  158  0  161  3.03  73
0343 35 90  1873  6  0  67  7  80  4.81  55
0344 35 122  1192  4  0  115  2  121  10.23  87
0345 16 46  1628  0  1  43  1  45  2.83  30
0346 0 0  1  0  0  0  0  0  0.00  0
0347 25 50  3243  3  1  44  0  48  1.54  25
0348 13 21  1729  1  0  20  0  21  1.21  8
0349 4 15  1281  0  0  13  0  13  1.17  11
0350 74 130  2828  1  0  127  1  129  4.60  56
0351 17 46  4507  1  0  44  0  45  1.02  29
0352 18 33  3146  2  0  28  2  32  1.05  15
0353 157 291  3609  5  2  270  1  278  8.06  134
0354 158 263  3108  15  5  206  4  230  8.46  105
0355 84 159  1361  2  1  151  0  154  11.68  75
0356 28 60  2764  0  0  58  1  59  2.17  32
0357 22 40  3343  0  0  40  0  40  1.20  18
0358 32 82  2238  2  0  78  0  80  3.66  50
0359 40 76  2935  2  0  73  1  76  2.59  36
0360 64 88  2154  2  1  83  0  86  4.09  24
0361 7 15  1620  0  0  15  0  15  0.93  8
0362 16 62  4879  0  0  62  0  62  1.27  46
0363 39 73  3204  0  0  68  0  68  2.28  34
0364 24 50  2487  0  0  49  0  49  2.01  26
0365 172 328  1288  0  0  322  0  322  25.47  156
0366 26 53  2018  0  1  49  1  51  2.63  27
0367 44 85  988  0  1  80  1  82  8.60  41
0368 35 58  916  1  0  50  2  53  6.33  23
0369 2 3  429  0  0  3  0  3  0.70  1
0370 36 84  5618  2  1  79  1  83  1.50  48
0371 25 49  485  0  0  47  0  47  10.10  24
0372 49 93  1190  0  0  91  0  91  7.82  44
0373 7 13  161  1  0  11  1  13  8.07  6
0374 20 31  735  2  2  20  2  26  4.22  11
0375 97 156  2546  20  6  84  10  120  6.13  59
0376 52 67  1899  6  1  48  2  57  3.53  15
0377 8 23  2847  2  0  21  0  23  0.81  15
0378 15 37  1748  0  0  36  1  37  2.12  22
0379 109 282  1970  5  1  266  3  275  14.31  173
0380 104 191  4568  7  0  166  3  176  4.18  87
0381 111 138  2640  13  3  93  11  120  5.23  27
0382 17 24  824  2  0  13  0  15  2.91  7
0383 19 88  2049  3  1  78  3  85  4.29  69
0384 141 250  2549  0  0  248  0  248  9.81  109
0385 16 35  2153  1  1  29  0  31  1.63  19
0386 33 51  2844  4  1  41  1  47  1.79  18
0387 67 174  3619  25  10  76  10  121  4.81  107
0388 81 140  5012  1  0  137  0  138  2.79  59
0389 11 20  994  0  0  20  0  20  2.01  9
0390 106 249  1567  3  0  239  3  245  15.89  143
0391 25 53  1761  0  0  51  0  51  3.01  28
0392 162 260  1426  0  0  251  2  253  18.23  98
0393 11 26  1177  0  0  25  0  25  2.21  15
0394 17 32  845  0  1  25  1  27  3.79  15
0395 25 53  1767  1  0  51  1  53  3.00  28
0396 223 369  2072  1  1  353  2  357  17.81  146
0397 12 14  746  2  0  12  0  14  1.88  2
0398 29 66  3762  1  0  64  1  66  1.75  37
0399 23 50  2481  0  0  50  0  50  2.02  27
0400 5 16  2187  1  0  15  0  16  0.73  11
0401 96 160  1887  2  1  146  2  151  8.48  64
0402 195 345  1706  3  0  326  2  331  20.22  150
0403 46 89  1662  1  0  81  0  82  5.35  43
0404 75 121  2556  8  1  100  3  112  4.73  46
0405 0 0  0  0  0  0  0  0  0.00  0
0406 41 66  611  0  0  65  0  65  10.80  25
0407 19 51  3594  1  0  50  0  51  1.42  32
0408 18 22  930  2  0  16  2  20  2.37  4
0409 21 25  1351  0  2  20  1  23  1.85  4
0410 25 36  835  0  0  36  0  36  4.31  11
0411 49 76  2266  3  0  62  6  71  3.35  27
0412 17 39  418  0  1  35  0  36  9.33  22
0413 249 422  2968  30  10  288  13  341  14.22  173
0414 38 75  3462  9  1  55  2  67  2.17  37
0415 12 30  2080  0  0  30  0  30  1.44  18
0416 45 102  3487  3  1  92  2  98  2.93  57
0417 52 93  2430  2  1  80  3  86  3.83  41
0418 56 126  3329  1  7  100  3  111  3.78  70
0419 74 111  2682  5  3  93  3  104  4.14  37
0420 23 42  4578  2  1  34  0  37  0.92  19
0421 5 9  446  0  0  8  0  8  2.02  4
0422 299 533  3313  4  2  507  1  514  16.09  234
0423 8 16  875  1  0  15  0  16  1.83  8
0424 6 9  844  0  0  9  0  9  1.07  3
0425 28 36  867  1  0  34  0  35  4.15  8
0426 24 62  1225  1  1  51  0  53  5.06  38
0427 23 43  1096  2  0  40  1  43  3.92  20
0428 33 101  4212  2  0  96  1  99  2.40  68
0429 45 91  3884  0  1  82  1  84  2.34  46
0430 28 53  1606  2  0  49  2  53  3.30  25
0431 69 107  3065  4  3  92  0  99  3.49  38
0432 16 26  1308  0  0  24  0  24  1.99  10
0433 8 14  570  0  0  13  0  13  2.46  6
0434 10 43  1326  1  0  36  2  39  3.24  33
0435 29 67  3047  1  2  62  0  65  2.20  38
0436 34 73  2927  1  0  66  2  69  2.49  39
0437 10 28  1988  0  0  28  0  28  1.41  18
0438 7 22  1762  0  0  22  0  22  1.25  15
0439 21 61  3337  0  0  57  2  59  1.83  40
0440 9 22  2847  2  0  20  0  22  0.77  13
0441 5 15  1606  0  0  15  0  15  0.93  10
0442 11 19  2504  1  1  16  1  19  0.76  8
0443 6 10  580  0  0  10  0  10  1.72  4
0444 35 75  3127  6  5  63  0  74  2.40  40
0445 29 56  1896  2  0  52  0  54  2.95  27
0446 3 3  255  0  0  3  0  3  1.18  0
0447 16 27  562  0  0  27  0  27  4.80  11
0448 46 108  3046  6  0  94  3  103  3.55  62
0449 0 1  147  0  0  1  0  1  0.68  1
0450 104 168  2607  4  1  157  3  165  6.44  64
0451 8 21  2641  1  0  18  0  19  0.80  13
0452 10 19  2764  0  0  17  0  17  0.69  9
0453 31 74  1860  0  1  66  4  71  3.98  43
0454 174 299  2557  3  0  286  0  289  11.69  125
0455 136 244  1673  0  1  231  3  235  14.58  108
0456 33 41  3282  0  0  40  1  41  1.25  8
0457 0 0  0  0  0  0  0  0  0.00  0
0458 163 300  1857  1  1  282  0  284  16.16  137
0459 36 61  2935  2  0  53  2  57  2.08  25
0460 126 179  2212  6  1  155  4  166  8.09  53
0461 63 94  3663  0  1  90  0  91  2.57  31
0462 106 242  3317  1  2  228  1  232  7.30  136
0463 33 57  2848  0  0  57  0  57  2.00  24
0464 15 36  2106  3  0  33  0  36  1.71  21
0465 10 79  3301  2  0  76  1  79  2.39  69
0466 58 121  3982  0  0  118  0  118  3.04  63
0467 37 51  1212  0  1  48  0  49  4.21  14
0468 25 70  3316  0  0  69  0  69  2.11  45
0469 23 43  3689  1  0  40  1  42  1.17  20
0470 6 12  1319  0  1  11  0  12  0.91  6
0471 6 15  2307  0  0  14  0  14  0.65  9
0472 27 53  1009  3  0  48  0  51  5.25  26
0473 22 44  1818  1  0  42  1  44  2.42  22
0474 27 69  2992  1  1  64  2  68  2.31  42
0475 25 41  1603  4  1  34  1  40  2.56  16
0476 43 111  2393  8  2  88  3  101  4.64  68
0477 13 26  3110  1  0  24  1  26  0.84  13
0478 22 61  4049  2  1  58  0  61  1.51  39
0479 10 36  2599  0  0  34  0  34  1.39  26
0480 16 42  2255  1  0  40  0  41  1.86  26
0481 13 33  3276  1  0  31  1  33  1.01  20
0482 18 40  4069  2  0  36  0  38  0.98  22
0483 85 125  4058  2  1  117  1  121  3.08  40
0484 24 69  4479  0  0  66  3  69  1.54  45
0485 21 57  4699  0  0  54  2  56  1.21  36
0486 23 48  3508  2  0  43  2  47  1.37  25
0487 45 72  3197  1  0  67  0  68  2.25  27
0488 19 62  1692  1  0  59  1  61  3.66  43
0489 50 125  1809  3  1  116  3  123  6.91  75
0490 59 140  1860  1  1  136  1  139  7.53  81
0491 15 35  1762  2  0  33  0  35  1.99  20
0492 30 62  2329  2  0  59  0  61  2.66  32
0493 18 26  1773  0  1  25  0  26  1.47  8
0494 71 134  2109  2  1  125  3  131  6.35  63
0495 17 32  2278  0  1  31  0  32  1.40  15
0496 13 46  2060  0  1  43  1  45  2.23  33
0497 133 254  2211  1  1  245  0  247  11.49  121
0498 22 46  2064  0  0  44  1  45  2.23  24
0499 26 55  2272  0  0  55  0  55  2.42  29
0500 9 31  3156  0  0  30  0  30  0.98  22
0501 37 82  1590  1  2  78  0  81  5.16  45
0502 60 83  2324  15  3  45  4  67  3.57  23
0503 35 51  1337  2  2  36  1  41  3.81  16
0504 33 56  2184  0  0  55  1  56  2.56  23
0505 65 135  3599  4  1  124  1  130  3.75  70
0506 116 349  3300  6  5  327  3  341  10.58  233
0507 87 119  2339  1  0  54  0  55  5.09  32
0508 74 161  3170  5  1  143  3  152  5.08  87
0509 18 43  3464  1  0  37  2  40  1.24  25
0510 37 78  3448  1  0  75  1  77  2.26  41
0511 0 0  0  0  0  0  0  0  0.00  0
0512 26 58  4476  1  0  53  1  55  1.30  32
0513 22 46  2715  0  0  43  2  45  1.69  24
0514 25 55  3830  2  0  51  1  54  1.44  30
0515 14 25  3145  0  1  23  1  25  0.79  11
0516 49 116  4809  5  1  103  0  109  2.41  67
0517 37 60  3262  1  1  56  0  58  1.84  23
0518 16 55  3710  0  0  52  2  54  1.48  39
0519 5 20  2898  0  1  19  0  20  0.69  15
0520 28 70  3887  1  0  69  0  70  1.80  42
0521 24 47  2669  0  0  45  1  46  1.76  23
0522 17 29  2676  1  2  25  1  29  1.08  12
0523 23 62  2983  0  0  60  1  61  2.08  39
0524 41 99  3238  3  1  89  1  94  3.06  58
0525 134 297  2884  1  0  287  1  289  10.30  163
0526 23 44  709  3  0  34  2  39  6.21  21
0527 10 25  555  1  1  13  0  15  4.50  15
0528 2 9  97  0  1  8  0  9  9.28  7
0529 13 24  3508  0  0  21  3  24  0.68  11
0530 26 45  1180  4  0  38  1  43  3.81  19
0531 66 86  1077  15  4  27  5  51  7.99  20
0532 14 20  964  0  0  14  0  14  2.07  6
0533 15 23  1046  2  2  18  1  23  2.20  8
0534 36 61  3796  2  3  51  3  59  1.61  25
0535 9 10  411  0  0  7  1  8  2.43  1
0536 70 174  4443  8  3  158  3  172  3.92  104
0537 58 113  2918  3  1  99  1  104  3.87  55
0538 83 147  1269  0  0  145  0  145  11.58  64
0539 2 3  68  0  0  3  0  3  4.41  1
0540 49 99  1452  0  1  95  1  97  6.82  50
0541 218 248  4078  1  0  243  1  245  6.08  30
0542 103 267  2473  5  0  257  1  263  10.80  164
0543 33 49  1513  2  3  35  4  44  3.24  16
0544 13 19  311  1  0  17  1  19  6.11  6
0545 89 242  3289  10  1  205  7  223  7.36  153
0546 0 0  26  0  0  0  0  0  0.00  0
0547 13 24  2345  1  0  23  0  24  1.02  11
0548 15 26  2095  0  0  26  0  26  1.24  11
0549 27 99  2483  2  0  94  2  98  3.99  72
0550 27 51  2785  2  0  45  1  48  1.83  24
0551 28 62  5975  1  0  60  1  62  1.04  34
0552 14 28  3212  0  0  26  1  27  0.87  14
0553 35 68  4266  2  0  64  1  67  1.59  33
0554 47 93  1729  2  1  90  0  93  5.38  46
0555 31 96  2066  1  1  90  1  93  4.65  65
0556 27 58  2181  0  0  54  0  54  2.66  31
0557 46 72  2736  2  0  65  1  68  2.63  26
0558 54 101  3968  2  0  99  0  101  2.55  47
0559 86 155  4485  3  0  146  5  154  3.46  69
0560 20 53  1157  0  2  38  6  46  4.58  33
0561 14 48  2976  1  0  43  1  45  1.61  34
0562 17 46  637  1  0  42  1  44  7.22  29
0563 21 24  2897  1  0  21  1  23  0.83  3
0564 79 162  3043  2  0  158  0  160  5.32  83
0565 15 27  1357  0  0  27  0  27  1.99  12
0566 78 131  2855  2  1  127  1  131  4.59  53
0567 51 90  2131  3  2  70  2  77  4.22  39
0568 37 75  3420  1  0  72  1  74  2.19  38
0569 27 68  3157  0  0  68  0  68  2.15  41
0570 26 42  1427  1  1  38  0  40  2.94  16
0571 26 44  1738  2  2  29  7  40  2.53  18
0572 47 80  2919  0  1  78  1  80  2.74  33
0573 133 240  1612  1  2  229  1  233  14.89  107
0574 7 7  381  0  0  7  0  7  1.84  0
0575 0 0  78  0  0  0  0  0  0.00  0
0576 151 282  2634  1  0  269  2  272  10.71  131
0577 14 20  571  0  0  19  1  20  3.50  6
0578 24 67  1666  0  0  61  0  61  4.02  43
0579 28 55  1745  1  0  45  2  48  3.15  27
0580 54 99  1008  1  0  97  0  98  9.82  45
0581 58 133  1042  0  0  130  0  130  12.76  75
0582 75 138  1602  1  0  131  1  133  8.61  63
0583 63 113  1219  0  0  108  0  108  9.27  50
0584 48 74  969  0  0  74  0  74  7.64  26
0585 101 164  2346  1  0  158  1  160  6.99  63
0586 13 41  4180  1  0  40  0  41  0.98  28
0587 24 46  2156  0  0  45  1  46  2.13  22
0588 7 44  3411  0  0  42  1  43  1.29  37
0589 19 28  3057  1  1  25  1  28  0.92  9
0590 23 37  2093  0  1  36  0  37  1.77  14
0591 33 56  2101  2  3  43  3  51  2.67  23
0592 8 31  1235  2  0  28  0  30  2.51  23
0593 35 72  3966  2  1  66  1  70  1.82  37
0594 82 256  2301  0  1  246  3  250  11.13  174
0595 19 41  1584  0  0  40  0  40  2.59  22
0596 7 27  2785  0  0  24  2  26  0.97  20
0597 23 37  3121  0  0  34  0  34  1.19  14
0598 2 8  706  1  0  7  0  8  1.13  6
0599 62 114  3946  0  0  112  0  112  2.89  52
0600 51 111  3721  0  3  101  1  105  2.98  60
0601 26 66  3960  1  0  65  0  66  1.67  40
0602 8 16  1226  0  0  15  0  15  1.31  8
0603 10 29  3740  0  0  29  0  29  0.78  19
0604 68 97  2864  6  4  54  9  73  3.39  29
0605 186 305  5114  8  1  276  2  287  5.96  119
0606 44 84  1037  0  1  80  1  82  8.10  40
0607 14 42  707  1  0  39  0  40  5.94  28
0608 17 24  1234  1  0  21  0  22  1.94  7
0609 17 54  3224  1  0  49  3  53  1.67  37
0610 17 29  1800  0  3  24  1  28  1.61  12
0611 167 281  2461  2  0  270  1  273  11.42  114
0612 24 43  3244  1  1  40  1  43  1.33  19
0613 19 34  1411  1  0  32  1  34  2.41  15
0614 52 140  3845  0  0  134  2  136  3.64  88
0615 19 37  1912  1  0  35  0  36  1.94  18
0616 15 36  3335  1  0  33  1  35  1.08  21
0617 26 71  3434  1  0  70  0  71  2.07  45
0618 30 61  5143  5  0  55  1  61  1.19  31
0619 17 45  4213  0  0  45  0  45  1.07  28
0620 55 100  5110  2  0  94  2  98  1.96  45
0621 10 20  1161  0  1  19  0  20  1.72  10
0622 24 64  4262  1  0  62  1  64  1.50  40
0623 25 35  3378  0  3  32  0  35  1.04  10
0624 1 1  15  0  0  1  0  1  6.67  0
0625 19 47  1784  1  0  45  0  46  2.63  28
0626 35 63  2771  1  0  62  0  63  2.27  28
0627 29 67  2881  0  1  63  0  64  2.33  38
0628 15 27  1599  0  0  26  1  27  1.69  12
0629 6 9  589  0  0  9  0  9  1.53  3
0630 162 351  3017  2  0  341  0  343  11.63  189
0631 31 58  2678  0  1  56  0  57  2.17  27
0632 2 4  222  0  0  4  0  4  1.80  2
0633 9 32  3182  0  0  31  0  31  1.01  23
0634 9 30  2897  1  2  24  2  29  1.04  21
0635 17 30  3237  0  0  26  3  29  0.93  13
0636 35 68  3791  4  3  52  3  62  1.79  33
0637 83 171  2446  8  6  133  4  151  6.99  88
0638 96 108  1990  0  0  103  2  105  5.43  12
0639 14 26  2454  2  0  22  0  24  1.06  12
0640 28 53  3486  1  0  49  2  52  1.52  25
0641 23 50  3285  5  1  41  1  48  1.52  27
0642 3 11  1766  0  0  10  0  10  0.62  8
0643 69 126  5193  0  0  120  0  120  2.43  57
0644 27 69  5164  3  0  63  2  68  1.34  42
0645 22 66  3906  0  0  66  0  66  1.69  44
0646 22 55  2133  0  0  53  1  54  2.58  33
0647 55 102  5395  1  0  92  0  93  1.89  47
0648 20 36  3135  0  0  36  0  36  1.15  16
0649 72 152  4334  1  1  145  1  148  3.51  80
0650 21 40  3109  0  0  39  0  39  1.29  19
0651 43 86  4828  1  0  81  2  84  1.78  43
0652 100 274  2561  1  1  253  3  258  10.70  174
0653 0 0  0  0  0  0  0  0  0.00  0
0654 117 224  5645  11  4  182  7  204  3.97  107
0655 65 122  6135  5  0  107  2  114  1.99  57
0656 167 319  2598  1  2  304  1  308  12.28  152
0657 13 33  1175  0  1  30  1  32  2.81  20
0658 24 52  2773  1  0  48  1  50  1.88  28
0659 37 68  4480  3  1  56  4  64  1.52  31
0660 91 292  4910  2  1  283  2  288  5.95  201
0661 24 73  4079  1  0  70  0  71  1.79  49
0662 17 32  4743  2  0  26  1  29  0.67  15
0663 60 129  3167  2  1  115  4  122  4.07  69
0664 74 127  2758  2  1  110  3  116  4.60  53
0665 20 25  1975  5  2  14  1  22  1.27  5
0666 0 0  0  0  0  0  0  0  0.00  0
0667 9 24  2152  0  0  24  0  24  1.12  15
0668 12 20  2381  0  0  20  0  20  0.84  8
0669 29 55  3187  1  0  53  0  54  1.73  26
0670 23 46  2938  0  0  45  1  46  1.57  23
0671 27 54  2905  0  0  49  2  51  1.86  27
0672 22 46  4511  3  0  42  0  45  1.02  24
0673 19 48  2968  0  1  45  0  46  1.62  29
0674 34 54  3991  1  1  50  0  52  1.35  20
0675 0 0  0  0  0  0  0  0  0.00  0
0676 0 0  0  0  0  0  0  0  0.00  0
0677 21 29  939  2  1  23  0  26  3.09  8
0678 6 11  745  0  0  11  0  11  1.48  5
0679 21 32  3279  1  0  30  0  31  0.98  11
0680 0 1  177  0  0  1  0  1  0.56  1
0681 0 0  5  0  0  0  0  0  0.00  0
0682 17 38  4094  2  0  35  1  38  0.93  21
0683 3 5  263  0  0  4  1  5  1.90  2
0684 1 4  173  0  0  4  0  4  2.31  3
0685 22 23  341  1  0  21  1  23  6.74  1
0686 3 4  192  0  0  4  0  4  2.08  1
0687 16 36  2468  1  0  35  0  36  1.46  20
0688 9 29  3220  0  0  29  0  29  0.90  20
0689 7 21  2246  0  0  19  0  19  0.93  14
0690 13 42  3993  1  0  39  1  41  1.05  29
0691 0 0  32  0  0  0  0  0  0.00  0
0692 13 30  2530  1  0  27  1  29  1.19  17
0693 29 62  642  0  1  58  0  59  9.66  33
0694 17 21  797  0  0  19  1  20  2.63  4
0695 15 32  1608  1  0  26  1  28  1.99  17
0696 27 38  2074  3  0  30  1  34  1.83  11
0697 55 141  4224  1  0  135  0  136  3.34  86
0698 59 151  2893  0  1  144  1  146  5.22  92
0699 26 59  2260  2  0  57  0  59  2.61  33
0700 18 37  1289  4  5  16  3  28  2.87  19
0701 8 10  542  0  0  10  0  10  1.85  2
0702 19 29  545  0  0  26  1  27  5.32  10
0703 17 37  1824  0  0  35  1  36  2.03  20
0704 4 31  2818  1  1  25  1  28  1.10  27
0705 27 35  1493  0  0  34  0  34  2.34  8
0706 6 10  515  0  0  10  0  10  1.94  4
0707 17 20  691  1  0  18  0  19  2.89  3
0708 17 24  563  2  0  16  2  20  4.26  7
0709 49 95  6061  2  0  93  0  95  1.57  46
0710 31 67  1966  0  1  64  1  66  3.41  36
0711 13 37  3263  0  1  32  1  34  1.13  24
0712 39 62  3243  0  1  60  0  61  1.91  23
0713 17 29  1796  0  0  29  0  29  1.61  12
0714 5 11  300  0  1  8  2  11  3.67  6
0715 9 11  1362  1  0  9  1  11  0.81  2
0716 22 40  2625  2  2  32  2  38  1.52  18
0717 35 91  1899  1  0  87  0  88  4.79  56
0718 33 73  3986  0  0  73  0  73  1.83  40
0719 59 80  1611  8  2  46  5  61  4.97  21
0720 16 41  3812  0  0  39  1  40  1.08  25
0721 29 46  2779  0  1  44  0  45  1.66  17
0722 206 501  4241  4  0  478  3  485  11.81  295
0723 58 75  1738  1  0  71  0  72  4.32  17
0724 7 11  700  1  0  9  0  10  1.57  4
0725 151 196  2089  26  5  108  10  149  9.38  45
0726 11 16  1933  2  0  14  0  16  0.83  5
0727 30 70  2363  0  0  68  0  68  2.96  40
0728 15 30  863  0  0  29  1  30  3.48  15
0729 8 16  447  0  1  14  0  15  3.58  8
0730 22 41  1596  0  0  38  0  38  2.57  19
0731 11 16  366  0  0  16  0  16  4.37  5
0732 32 49  1869  0  0  48  0  48  2.62  17
0733 2 6  170  0  1  5  0  6  3.53  4
0734 48 82  5709  1  0  79  1  81  1.44  34
0735 0 0  22  0  0  0  0  0  0.00  0
0736 2 2  21  0  0  2  0  2  9.52  0
0737 1 1  50  0  1  0  0  1  2.00  0
0738 15 29  1233  0  0  28  1  29  2.35  14
0739 51 73  2846  2  1  63  3  69  2.57  22
0740 13 17  909  0  0  15  1  16  1.87  4
0741 0 0  0  0  0  0  0  0  0.00  0
0742 0 0  0  0  0  0  0  0  0.00  0
0743 2 4  197  0  0  4  0  4  2.03  2
0744 25 48  2004  4  0  44  0  48  2.40  23
0745 53 78  2366  1  0  73  2  76  3.30  25
0746 12 16  682  0  0  15  1  16  2.35  4
0747 22 52  3434  1  0  48  2  51  1.51  30
0748 22 31  1275  0  0  31  0  31  2.43  9
0749 6 16  362  0  1  15  0  16  4.42  10
0750 4 7  680  0  1  6  0  7  1.03  3
0751 18 41  4298  1  0  40  0  41  0.95  23
0752 9 15  1523  1  0  13  0  14  0.98  6
0753 4 10  260  0  0  9  1  10  3.85  6
0754 0 0  0  0  0  0  0  0  0.00  0
0755 45 105  3432  3  1  89  2  95  3.06  60
0756 10 34  1512  1  1  28  3  33  2.25  24
0757 31 104  3293  1  0  99  1  101  3.16  73
0758 14 34  3680  0  0  31  0  31  0.92  20
0759 23 41  2599  1  0  39  1  41  1.58  18
0760 22 40  4062  1  0  36  2  39  0.98  18
0761 19 28  1424  0  0  28  0  28  1.97  9
0762 0 0  0  0  0  0  0  0  0.00  0
0763 11 17  1165  2  0  12  1  15  1.46  6
0764 47 93  4843  1  1  91  0  93  1.92  46
0765 39 103  3857  1  1  98  0  100  2.67  64
0766 9 12  381  2  0  7  1  10  3.15  3
0767 0 3  95  0  0  3  0  3  3.16  3
0768 19 49  5264  0  0  47  1  48  0.93  30
0769 31 35  148  0  0  28  0  28  23.65  4
0770 3 8  243  0  0  6  1  7  3.29  5
0771 19 28  2305  0  0  28  0  28  1.21  9
0772 20 51  5526  0  0  48  2  50  0.92  31
0773 40 63  2599  1  0  60  0  61  2.42  23
0774 7 7  289  0  0  7  0  7  2.42  0
0775 16 20  72  0  0  20  0  20  27.78  4
0776 22 48  2768  0  0  43  1  44  1.73  26
0777 11 19  642  2  1  12  1  16  2.96  8
0778 0 0  0  0  0  0  0  0  0.00  0
0779 17 32  1131  4  3  22  1  30  2.83  15
0780 13 14  570  0  0  9  2  11  2.46  1
0781 49 89  3656  1  2  77  3  83  2.43  40
0782 10 35  2158  1  0  31  2  34  1.62  25
0783 2 5  244  0  0  5  0  5  2.05  3
0784 59 111  1055  0  0  107  0  107  10.52  52
0785 6 11  297  0  0  10  0  10  3.70  5
0786 37 63  1279  3  2  47  2  54  4.93  26
0787 13 23  486  2  0  18  1  21  4.73  10
0788 9 15  478  0  0  13  2  15  3.14  6
0789 0 0  3  0  0  0  0  0  0.00  0
0790 1 1  4  0  0  1  0  1  25.00  0
0791 0 0  0  0  0  0  0  0  0.00  0
0792 68 88  1818  3  1  73  4  81  4.84  20
0793 19 44  2386  4  1  36  2  43  1.84  25
0794 13 19  2522  0  0  18  1  19  0.75  6
0795 23 31  1186  3  2  23  1  29  2.61  8
0796 21 26  480  1  0  25  0  26  5.42  5
0797 0 0  0  0  0  0  0  0  0.00  0
0798 21 33  487  0  2  28  0  30  6.78  12
0799 5 5  145  0  0  4  0  4  3.45  0
0800 8 33  2774  0  0  32  0  32  1.19  25
0801 4 8  257  3  0  5  0  8  3.11  4
0802 9 11  295  0  0  11  0  11  3.73  2
0803 27 43  2642  0  0  43  0  43  1.63  16
0804 31 56  4210  2  1  52  1  56  1.33  25
0805 14 35  2812  0  0  35  0  35  1.24  21
0806 0 0  0  0  0  0  0  0  0.00  0
0807 30 58  1971  0  0  55  1  56  2.94  28
0808 1 1  74  0  0  1  0  1  1.35  0
0809 1 1  80  0  0  1  0  1  1.25  0
0810 6 9  216  2  0  5  0  7  4.17  3
0811 11 16  269  1  0  14  1  16  5.95  5
0812 0 0  0  0  0  0  0  0  0.00  0
0813 34 79  5285  0  0  75  2  77  1.49  45
0814 59 124  4288  0  0  121  1  122  2.89  65
0815 0 0  0  0  0  0  0  0  0.00  0
0816 0 0  75  0  0  0  0  0  0.00  0
0817 0 0  0  0  0  0  0  0  0.00  0
0818 9 25  518  2  0  19  1  22  4.83  16
0819 7 11  232  0  1  9  0  10  4.74  4
0820 0 0  0  0  0  0  0  0  0.00  0
0821 32 78  1168  0  0  72  1  73  6.68  46
0822 108 177  1539  0  1  169  0  170  11.50  69
0823 22 63  4623  2  0  61  0  63  1.36  41
0824 104 160  2707  6  1  137  5  149  5.91  56
0825 0 0  0  0  0  0  0  0  0.00  0
0826 10 14  339  0  0  12  0  12  4.13  4
0827 26 40  958  3  5  20  3  31  4.18  14
0828 8 20  1850  0  0  19  0  19  1.08  12
0829 7 10  258  1  0  9  0  10  3.88  3
0830 0 0  1  0  0  0  0  0  0.00  0
0831 0 0  0  0  0  0  0  0  0.00  0
0832 7 12  354  0  0  11  0  11  3.39  5
0833 1 1  16  0  0  1  0  1  6.25  0
0834 0 0  0  0  0  0  0  0  0.00  0
0835 2 4  282  0  0  4  0  4  1.42  2
0836 1 1  18  0  1  0  0  1  5.56  0
0837 0 0  0  0  0  0  0  0  0.00  0
0838 0 0  0  0  0  0  0  0  0.00  0
0839 22 51  1098  0  0  49  0  49  4.64  29
0840 34 52  1609  2  0  49  0  51  3.23  18
0841 0 0  0  0  0  0  0  0  0.00  0
0842 36 103  3017  5  1  90  3  99  3.41  67
0843 0 0  0  0  0  0  0  0  0.00  0
0844 0 0  13  0  0  0  0  0  0.00  0
0845 1 1  62  0  0  1  0  1  1.61  0
0846 5 7  212  1  0  6  0  7  3.30  2
0847 42 80  1750  0  0  77  1  78  4.57  38
0848 64 188  1846  0  0  185  1  186  10.18  124
0849 36 85  2033  2  0  78  1  81  4.18  49
0850 2 10  203  0  0  10  0  10  4.93  8
0851 33 65  4194  6  2  52  1  61  1.55  32
0852 0 0  2  0  0  0  0  0  0.00  0
0853 14 41  2748  0  0  41  0  41  1.49  27
0854 5 10  178  1  0  9  0  10  5.62  5
0855 0 0  19  0  0  0  0  0  0.00  0
0856 0 0  0  0  0  0  0  0  0.00  0
0857 0 0  1  0  0  0  0  0  0.00  0
0858 18 34  376  2  0  30  0  32  9.04  16
0859 18 20  832  0  0  20  0  20  2.40  2
0860 0 1  0  0  0  1  0  1  0.00  1
0861 52 66  1740  0  0  64  0  64  3.79  14
0862 0 0  0  0  0  0  0  0  0.00  0
0863 33 56  638  0  0  56  0  56  8.78  23
0864 14 35  2439  1  0  33  0  34  1.44  21
0865 0 1  20  0  0  0  0  0  5.00  1
0866 0 0  0  0  0  0  0  0  0.00  0
0867 0 0  0  0  0  0  0  0  0.00  0
0868 20 79  2246  0  0  75  0  75  3.52  59
0869 9 27  465  0  0  26  1  27  5.81  18
0870 0 0  0  0  0  0  0  0  0.00  0
0871 0 0  4  0  0  0  0  0  0.00  0
0872 0 0  63  0  0  0  0  0  0.00  0
0873 6 14  689  0  1  12  1  14  2.03  8
0874 17 47  3103  0  1  44  1  46  1.51  30
0875 30 64  3787  1  0  61  2  64  1.69  34
0876 16 35  2921  1  0  34  0  35  1.20  19
0877 31 59  2396  0  0  58  1  59  2.46  28
0878 7 12  1629  0  0  10  1  11  0.74  5
0879 21 30  2262  0  0  30  0  30  1.33  9
0880 7 17  1940  0  0  17  0  17  0.88  10
0881 29 78  3485  2  0  76  0  78  2.24  49
0882 20 39  2301  0  0  39  0  39  1.69  19
0883 32 104  4492  1  0  100  1  102  2.32  72
0884 9 14  310  0  0  14  0  14  4.52  5
0885 27 56  2422  1  2  51  1  55  2.31  29
0886 8 17  693  0  0  17  0  17  2.45  9
0887 4 6  289  0  0  5  0  5  2.08  2
0888 0 0  0  0  0  0  0  0  0.00  0
0889 4 6  56  0  0  4  0  4  10.71  2
0890 15 22  967  0  0  21  0  21  2.28  7
0891 55 113  1399  1  0  108  0  109  8.08  58
0892 19 19  648  0  1  15  0  16  2.93  0
0893 0 0  5  0  0  0  0  0  0.00  0
0894 0 0  0  0  0  0  0  0  0.00  0
0895 15 47  775  0  1  45  1  47  6.06  32
0896 46 96  1390  2  0  91  1  94  6.91  50
0897 7 33  1606  1  0  30  1  32  2.05  26
0898 0 0  3  0  0  0  0  0  0.00  0
0899 0 0  9  0  0  0  0  0  0.00  0
0900 0 0  11  0  0  0  0  0  0.00  0
0901 0 0  0  0  0  0  0  0  0.00  0
0902 26 65  1852  3  0  61  1  65  3.51  39
0903 1 2  40  0  1  0  1  2  5.00  1
0904 0 0  1  0  0  0  0  0  0.00  0
0905 47 62  898  3  3  38  5  49  6.90  15
0906 0 0  28  0  0  0  0  0  0.00  0
0907 0 0  113  0  0  0  0  0  0.00  0
0908 0 0  0  0  0  0  0  0  0.00  0
0909 1 2  18  0  0  1  0  1  11.11  1
0910 1 2  226  0  0  1  0  1  0.88  1
0911 4 10  564  1  2  7  0  10  1.77  6
0912 5 11  1211  1  0  10  0  11  0.91  6
0913 0 0  0  0  0  0  0  0  0.00  0
0914 0 0  151  0  0  0  0  0  0.00  0
0915 0 0  0  0  0  0  0  0  0.00  0
0916 6 12  996  0  0  10  0  10  1.20  6
0917 17 19  470  0  0  19  0  19  4.04  2
0918 9 18  884  0  0  18  0  18  2.04  9
0919 0 0  3  0  0  0  0  0  0.00  0
0920 0 0  13  0  0  0  0  0  0.00  0
0921 0 1  77  0  0  1  0  1  1.30  1
0922 0 0  0  0  0  0  0  0  0.00  0
0923 8 10  691  0  1  9  0  10  1.45  2
0924 0 0  0  0  0  0  0  0  0.00  0
0925 0 0  0  0  0  0  0  0  0.00  0
0926 4 6  602  0  0  6  0  6  1.00  2
0927 4 7  264  1  0  6  0  7  2.65  3
0928 0 0  9  0  0  0  0  0  0.00  0
0929 0 0  0  0  0  0  0  0  0.00  0
0930 43 43  564  1  1  41  0  43  7.62  0
0931 5 8  127  0  0  8  0  8  6.30  3
0932 0 0  0  0  0  0  0  0  0.00  0
0933 26 33  555  0  0  32  0  32  5.95  7
0934 0 1  38  0  0  1  0  1  2.63  1
0935 3 4  63  1  1  0  0  2  6.35  1
0936 4 4  71  0  0  4  0  4  5.63  0
0937 0 0  0  0  0  0  0  0  0.00  0
0938 5 6  263  0  0  6  0  6  2.28  1
0939 0 0  3  0  0  0  0  0  0.00  0
0940 0 0  13  0  0  0  0  0  0.00  0
0941 0 0  24  0  0  0  0  0  0.00  0
0942 2 2  155  0  0  2  0  2  1.29  0
0943 0 3  509  0  0  3  0  3  0.59  3
0944 3 3  38  1  0  1  0  2  7.89  0
0945 0 0  15  0  0  0  0  0  0.00  0
0946 0 0  13  0  0  0  0  0  0.00  0
0947 14 46  809  2  0  41  2  45  5.69  32
0948 0 0  0  0  0  0  0  0  0.00  0
0949 6 10  200  0  0  10  0  10  5.00  4
0950 0 0  0  0  0  0  0  0  0.00  0
0951 0 0  201  0  0  0  0  0  0.00  0
0952 0 4  70  1  0  2  0  3  5.71  4
0953 4 6  432  0  0  6  0  6  1.39  2
0954 0 0  0  0  0  0  0  0  0.00  0
0955 0 0  20  0  0  0  0  0  0.00  0
0956 0 0  11  0  0  0  0  0  0.00  0
0957 5 18  545  1  0  17  0  18  3.30  13
0958 11 26  957  0  0  26  0  26  2.72  15
0959 0 0  0  0  0  0  0  0  0.00  0
0960 10 22  524  1  0  19  2  22  4.20  12
0961 0 4  52  0  0  4  0  4  7.69  4
0962 0 1  67  0  0  1  0  1  1.49  1
0963 16 18  334  2  1  10  1  14  5.39  2
0964 17 45  1383  2  1  38  1  42  3.25  28
0965 8 9  351  1  0  6  0  7  2.56  1
0966 11 17  1061  0  0  16  0  16  1.60  6
0967 0 2  76  0  0  2  0  2  2.63  2
0968 10 22  484  0  0  22  0  22  4.55  12
0969 61 93  571  1  0  90  1  92  16.29  32
0970 46 53  667  0  0  47  0  47  7.95  7
0971 1 2  101  0  0  2  0  2  1.98  1
0972 0 0  29  0  0  0  0  0  0.00  0
0973 1 4  106  0  0  4  0  4  3.77  3
0974 2 6  282  0  0  5  0  5  2.13  4
0975 5 9  167  0  0  9  0  9  5.39  4
0976 9 14  672  0  0  5  3  8  2.08  5
0977 0 1  518  0  0  1  0  1  0.19  1
0978 5 19  496  1  0  17  0  18  3.83  14
0979 0 0  24  0  0  0  0  0  0.00  0
0980 6 13  1315  0  0  13  0  13  0.99  7
0981 0 0  0  0  0  0  0  0  0.00  0
0982 3 6  958  0  0  6  0  6  0.63  3
0983 2 2  168  0  0  2  0  2  1.19  0
0984 1 5  210  0  0  5  0  5  2.38  4
0985 11 22  339  0  0  21  0  21  6.49  11
0986 5 9  373  0  0  9  0  9  2.41  4
0987 39 81  1123  1  0  73  2  76  7.21  42
0988 0 1  110  0  0  1  0  1  0.91  1
0989 0 2  36  0  0  2  0  2  5.56  2
0990 2 5  156  0  0  5  0  5  3.21  3
0991 0 0  1  0  0  0  0  0  0.00  0
0992 9 13  1003  0  1  12  0  13  1.30  4
0993 1 4  548  0  0  4  0  4  0.73  3
0994 0 90  5  1  1  84  0  86  1800.00  90
0995 111 204  1238  3  1  197  0  201  16.48  93
0996 17 47  703  3  0  34  2  39  6.69  30
0997 9 11  1346  0  0  11  0  11  0.82  2
0998 0 0  29  0  0  0  0  0  0.00  0
0999 0 0  66  0  0  0  0  0  0.00  0
1000 2 6  445  0  0  6  0  6  1.35  4
1001 33 50  1514  1  0  47  1  49  3.30  17
1002 34 68  1699  4  0  60  2  66  4.00  34
1003 0 0  1  0  0  0  0  0  0.00  0
1004 4 19  647  0  0  19  0  19  2.94  15
1005 0 0  0  0  0  0  0  0  0.00  0
1006 0 0  4  0  0  0  0  0  0.00  0
1007 12 30  1298  0  0  28  2  30  2.31  18
1008 3 3  146  0  0  1  0  1  2.05  0
1009 0 0  8  0  0  0  0  0  0.00  0
1010 6 7  293  0  0  7  0  7  2.39  1
1011 1 1  29  0  0  1  0  1  3.45  0
1012 17 35  1201  0  1  34  0  35  2.91  18
1013 0 0  59  0  0  0  0  0  0.00  0
1014 0 0  36  0  0  0  0  0  0.00  0
1015 0 0  29  0  0  0  0  0  0.00  0
1016 14 34  1592  2  0  31  0  33  2.14  20
1017 2 9  220  0  0  9  0  9  4.09  7
1018 2 10  452  0  0  10  0  10  2.21  8
1019 41 156  1508  1  2  143  1  147  10.34  115
1020 0 0  1  0  0  0  0  0  0.00  0
1021 0 0  2  0  0  0  0  0  0.00  0
1022 0 5  416  0  1  3  0  4  1.20  5
1023 13 22  1937  0  0  22  0  22  1.14  9
1024 2 7  252  0  0  7  0  7  2.78  5
1025 0 0  15  0  0  0  0  0  0.00  0
1026 0 0  0  0  0  0  0  0  0.00  0
1027 0 0  0  0  0  0  0  0  0.00  0
1028 0 0  0  0  0  0  0  0  0.00  0
1029 3 10  1506  0  0  10  0  10  0.66  7
1030 3 4  627  0  0  3  1  4  0.64  1
1031 0 0  6  0  0  0  0  0  0.00  0
1032 5 8  250  0  0  5  1  6  3.20  3
1033 0 0  0  0  0  0  0  0  0.00  0
1034 0 0  2  0  0  0  0  0  0.00  0
1035 0 0  134  0  0  0  0  0  0.00  0
1036 2 2  424  0  0  2  0  2  0.47  0
1037 0 2  78  0  0  2  0  2  2.56  2
1038 24 27  236  0  0  27  0  27  11.44  3
1039 0 0  20  0  0  0  0  0  0.00  0
1040 4 6  572  0  0  6  0  6  1.05  2
1041 0 0  0  0  0  0  0  0  0.00  0
1042 12 24  496  0  0  23  1  24  4.84  12
1043 0 2  31  0  0  2  0  2  6.45  2
1044 0 4  62  0  0  4  0  4  6.45  4
1045 13 41  1355  1  0  40  0  41  3.03  28
1046 7 10  50  0  0  9  0  9  20.00  3
1047 20 32  1166  0  0  29  0  29  2.74  12
1048 0 0  18  0  0  0  0  0  0.00  0
1049 1 3  258  0  0  2  0  2  1.16  2
1050 10 24  492  0  0  23  0  23  4.88  14
1051 0 0  0  0  0  0  0  0  0.00  0
1052 0 0  0  0  0  0  0  0  0.00  0
1053 0 0  0  0  0  0  0  0  0.00  0
1054 0 0  2  0  0  0  0  0  0.00  0
1055 0 0  0  0  0  0  0  0  0.00  0
1056 4 4  6  0  0  4  0  4  66.67  0
1057 2 2  106  0  0  2  0  2  1.89  0
1058 67 172  1169  3  0  162  1  166  14.71  105
1059 1 1  23  0  0  1  0  1  4.35  0
1060 1 1  52  0  0  1  0  1  1.92  0
1061 21 29  1581  1  0  28  0  29  1.83  8
1062 2 2  158  0  1  1  0  2  1.27  0
1063 9 19  779  0  0  19  0  19  2.44  10
1064 3 4  119  0  0  4  0  4  3.36  1